1 ./Reg25m2.1997.dat Reg25m2.1997.dat
1997;414: 1997 H11 2 1 0 1 0 0 0 0 0 0 0 0 0
1997;415: 1997 H11 2 7 0 7 0 0 0 0 0 0 0 0 0
1997;416: 1997 H11 2 2 0 1 0 0 1 0 0 0 0 0 0
1997;417: 1997 H11 2 3 0 7 0 0 1 0 0 0 0 0 0
1997;418: 1997 H11 2 9 0 14 0 0 0 0 0 0 0 0 0
1997;447: 1997 H11 4 3 0 6 0 0 0 0 0 0 0 0 0
1997;448: 1997 H11 4 7.1 0 3 0 1 0 0 2 0 0 0 0
1997;449: 1997 H11 5 3 0 4 5 1 0 0 0 0 0 0 0
1997;450: 1997 H11 5 5 2 1 0 0 0 0 0 0 0 0 0
1997;451: 1997 H11 5 8 0 4 0 0 1 0 0 0 1 0 0
1997;452: 1997 H11 5 9 0 3 0 2 0 0 0 0 0 0 0
1997;453: 1997 H11 3 1 0 4 0 0 0 0 0 0 0 0 0
1997;454: 1997 H11 3 8 0 14 0 0 0 0 0 0 0 0 0
1997;455: 1997 H11 3 9 0 9 1 1 0 0 0 0 0 0 0
1997;456: 1997 H11 3 10 0 2 2 0 0 0 0 0 0 0 0
1997;457: 1997 H11 3 7 0 3 0 0 0 0 0 0 0 0 0
1997;458: 1997 H11 3 2 0 1 0 0 0 0 0 0 0 0 0
1997;459: 1997 H11 3 5 2 1 0 0 0 0 0 0 0 0 0
1997;460: 1997 H11 8 1 0 4 0 0 0 0 0 0 0 0 0
1997;461: 1997 H11 8 8 0 1 0 0 0 0 0 0 0 0 0
1997;462: 1997 H11 8 7 0 1 0 0 0 0 0 0 0 0 0
1997;463: 1997 H11 8 3 0 1 0 0 0 0 0 0 0 0 0
1997;464: 1997 H11 8 10 0 2 0 0 0 0 0 0 0 0 0
1997;465: 1997 H11 8 5 2 1 0 0 0 0 0 0 0 0 0
1997;466: 1997 H11 1 12 0 8 8 5 1 0 0 0 0 0 0
1997;467: 1997 H11 1 8 0 13 1 1 0 0 0 0 0 0 0
1997;468: 1997 H11 1 7 0 8 0 0 0 0 0 0 0 0 0
1997;469: 1997 H11 1 5 2 1 0 0 0 0 0 0 0 0 0
1997;470: 1997 H11 1 9 0 1 9 0 0 0 0 0 0 0 0
1997;471: 1997 H11 1 10 0 0 1 0 0 0 0 0 0 0 0
1997;472: 1997 H11 2 8 0 7 0 0 0 0 0 0 0 0 0
1997;473: 1997 H11 2 12 0 5 0 0 0 0 0 0 0 0 0
./Reg25m2.1997.dat, ./Reg25m2.1997.csv, ./Reg25m2.1997BAD.txt
2 ./Reg25m2.2002.dat Reg25m2.2002.dat
2002;150: 2002 H11 1 12 3 3 0 0 0 0 0 0 0 0 0
2002;151: 2002 H11 1 12 1 1 5 3 1 2 0 0 0 0 0
2002;152: 2002 H11 1 8 1 1 2 1 1 0 0 0 0 0 0
2002;153: 2002 H11 1 8 2 2 0 0 0 0 0 0 0 0 0
2002;154: 2002 H11 1 9 1 1 0 1 0 1 0 0 0 0 0
2002;155: 2002 H11 2 2 0 0 0 1 0 1 2 0 0 0 0
2002;156: 2002 H11 2 1 0 3 0 0 0 0 0 0 0 0 0
2002;157: 2002 H11 2 8 0 2 0 0 0 0 0 0 0 0 0
2002;158: 2002 H11 2 3 0 2 0 2 1 0 0 0 0 1 0
2002;159: 2002 H11 2 7 2 1 0 0 0 0 0 0 0 0 0
2002;160: 2002 H11 3 8 1 16 3 1 0 0 0 0 0 0 0
2002;161: 2002 H11 3 9 0 2 0 3 4 1 1 0 0 0 0
2002;162: 2002 H11 3 4 1 1 0 0 0 0 0 0 0 0 0
2002;163: 2002 H11 3 10 0 0 1 2 0 0 0 0 0 0 0
2002;164: 2002 H11 3 2 0 1 0 0 0 0 0 0 0 0 0
2002;165: 2002 H11 3 7 0 3 0 0 0 0 0 0 0 0 0
2002;166: 2002 H11 3 1 1 2 0 1 0 1 0 0 0 0 0
2002;167: 2002 H11 3 5 2 3 0 0 0 0 0 0 0 0 0
2002;168: 2002 H11 3 1 0 0 0 0 1 0 0 0 0 0 0
2002;169: 2002 H11 4 3 0 3 0 0 3 0 0 0 0 0 0
2002;170: 2002 H11 4 1 0 1 0 0 0 0 0 0 0 0 0
2002;171: 2002 H11 5 8.1 0 2 2 0 0 0 0 0 0 0 0
2002;172: 2002 H11 5 9 0 0 0 1 0 0 0 0 0 0 0
2002;173: 2002 H11 5 8 0 0 0 0 0 1 0 0 0 0 0
2002;73: 2002 H11 8 1 1 2 0 0 1 0 1 0 0 0 0
2002;74: 2002 H11 8 1 0 7 0 2 0 0 0 0 0 0 0
2002;75: 2002 H11 8 8 1 2 0 0 0 0 0 0 0 0 0
2002;76: 2002 H11 8 3 0 0 0 0 0 1 0 0 0 0 0
2002;77: 2002 H11 8 10 1 1 0 0 0 0 0 0 0 0 0
2002;78: 2002 H11 8 7 0 1 0 0 0 0 0 0 0 0 0
./Reg25m2.2002.dat, ./Reg25m2.2002.csv, ./Reg25m2.2002BAD.txt
3 ./reg25m2.2010.dat reg25m2.2010.dat
2010;572: 2010 H11 8 1 0 24 1 1 1 2 0 0 0 0 0
2010;573: 2010 H11 8 1 1 3 1 1 0 0 0 0 0 0 0
2010;574: 2010 H11 8 1 2 0 0 0 0 0 0 1 1 0 1
2010;575: 2010 H11 8 3 0 0 0 0 0 0 0 1 0 1 0
2010;576: 2010 H11 3 9 0 0 0 2 2 2 2 0 0 1 0
2010;577: 2010 H11 3 4 0 0 1 0 0 0 0 0 0 0 0
2010;578: 2010 H11 3 1 2 0 0 0 0 0 0 0 0 1 1
2010;579: 2010 H11 3 8 0 1 5 3 1 0 0 0 0 0 0
2010;580: 2010 H11 3 2 0 2 0 0 1 0 0 0 0 0 0
2010;581: 2010 H11 3 1 0 7 0 1 1 0 0 0 0 0 0
2010;582: 2010 H11 3 10 0 0 0 0 1 0 0 0 0 0 0
2010;583: 2010 H11 3 7 0 0 1 0 0 0 0 0 0 0 0
2010;584: 2010 H11 3 1 1 2 0 0 0 0 0 0 0 1 0
2010;585: 2010 H11 1 12 0 0 2 2 2 2 2 0 0 0 0
2010;586: 2010 H11 1 8 0 0 2 3 0 1 1 0 1 0 0
2010;587: 2010 H11 1 9 0 0 0 1 0 0 0 0 0 0 0
2010;588: 2010 H11 2 12 0 0 0 1 0 0 0 0 0 0 0
2010;589: 2010 H11 2 3 0 2 0 1 2 0 0 2 0 0 0
2010;590: 2010 H11 5 8 0 0 0 1 0 0 1 0 0 0 0
2010;591: 2010 H11 5 3 0 2 0 1 0 0 0 0 1 1 0
2010;822: 2010 H11 4 7 0 0 2 2 0 0 1 0 0 0 0
2010;823: 2010 H11 4 3 0 0 0 0 0 1 2 1 0 0 0
2010;824: 2010 H11 4 1 0 17 0 0 0 0 0 0 0 0 0
2010;825: 2010 H11 4 1 1 8 0 0 0 0 0 0 0 0 0
2010;826: 2010 H11 4 2 0 4 0 0 0 0 0 0 0 0 0
2010;827: 2010 H11 4 4 1 1 0 0 0 0 0 0 0 0 0
./reg25m2.2010.dat, ./reg25m2.2010.csv, ./reg25m2.2010BAD.txt
Press any key to continue . . .