1 ./Reg25m2.1997.dat Reg25m2.1997.dat
1997;1073: 1997 H37 4 6 1 2 0 0 0 0 0 0 0 0 0
1997;1074: 1997 H37 4 1 0 0 1 0 0 0 0 0 0 0 0
1997;1075: 1997 H37 4 6 3 2 0 0 0 0 0 0 0 0 0
1997;1076: 1997 H37 4 9 0 1 0 0 0 0 0 0 0 0 0
1997;1077: 1997 H37 2 1 0 1 0 0 0 0 0 0 0 0 0
1997;1078: 1997 H37 2 6 1 2 0 0 0 0 0 0 0 0 0
1997;1079: 1997 H37 2 5 2 2 0 0 0 0 0 0 0 0 0
1997;1080: 1997 H37 2 9 0 1 0 0 0 0 0 0 0 0 0
1997;1081: 1997 H37 2 7.1 0 4 5 5 6 0 0 0 0 0 0
1997;1082: 1997 H37 2 5 1 1 0 0 0 0 0 0 0 0 0
1997;1083: 1997 H37 2 3 0 1 0 0 0 0 0 0 0 0 0
1997;1084: 1997 H37 1 6 2 1 0 0 0 0 0 0 0 0 0
1997;1085: 1997 H37 1 5 2 9 0 0 0 0 0 0 0 0 0
1997;1086: 1997 H37 1 9 0 6 0 0 0 0 0 0 0 0 0
1997;1087: 1997 H37 1 1 0 13 3 0 0 0 0 0 0 0 0
1997;1088: 1997 H37 1 3 0 3 0 0 0 0 0 0 0 0 0
1997;1089: 1997 H37 1 10 0 1 0 0 0 0 0 0 0 0 0
1997;1090: 1997 H37 1 2 0 1 0 0 0 0 0 0 0 0 0
1997;1091: 1997 H37 5 9 0 15 0 0 0 0 0 0 0 0 0
1997;1092: 1997 H37 5 10 0 4 0 0 0 0 0 0 0 0 0
1997;1093: 1997 H37 5 5 1 1 0 0 0 0 0 0 0 0 0
1997;1094: 1997 H37 5 5 2 7 0 0 0 0 0 0 0 0 0
1997;1095: 1997 H37 5 6 1 3 0 0 0 0 0 0 0 0 0
1997;1096: 1997 H37 5 1 0 3 0 0 0 0 0 0 0 0 0
1997;1097: 1997 H37 5 6 0 0 1 0 0 0 0 0 0 0 0
1997;1098: 1997 H37 5 7 0 1 0 0 0 0 0 0 0 0 0
1997;1099: 1997 H37 5 3 0 2 0 0 0 0 0 0 0 0 0
1997;1100: 1997 H37 5 5 0 0 0 0 0 0 1 0 0 0 0
1997;1101: 1997 H37 5 5 3 2 0 0 0 0 0 0 0 0 0
1997;1102: 1997 H37 5 8 0 1 0 0 0 0 0 0 0 0 0
./Reg25m2.1997.dat, ./Reg25m2.1997.csv, ./Reg25m2.1997BAD.txt
2 ./Reg25m2.2002.dat Reg25m2.2002.dat
2002;615: 2002 H37 1 6 0 4 0 0 0 0 0 0 0 0 0
2002;616: 2002 H37 1 1 0 3 0 0 2 0 0 0 0 0 0
2002;617: 2002 H37 1 6 3 2 0 0 0 0 0 0 0 0 0
2002;618: 2002 H37 1 4 0 2 0 0 0 0 0 0 0 0 0
2002;619: 2002 H37 2 6 1 4 0 0 0 0 0 0 0 0 0
2002;620: 2002 H37 2 1 0 3 0 0 0 0 0 0 0 0 0
2002;621: 2002 H37 2 3 0 1 0 0 0 0 0 0 0 0 0
2002;622: 2002 H37 4 1 0 4 0 0 0 2 0 0 0 0 0
2002;623: 2002 H37 4 6 0 3 0 0 0 0 0 0 0 0 0
2002;624: 2002 H37 5 1 0 5 0 0 0 0 0 0 0 0 0
2002;625: 2002 H37 5 2 0 1 0 0 0 0 0 0 0 0 0
2002;626: 2002 H37 5 3 0 4 0 1 1 0 0 0 0 0 0
2002;627: 2002 H37 5 6 2 2 0 0 0 0 0 0 0 0 0
2002;628: 2002 H37 5 5 2 1 0 0 0 0 0 0 0 0 0
./Reg25m2.2002.dat, ./Reg25m2.2002.csv, ./Reg25m2.2002BAD.txt
3 ./reg25m2.2010.dat reg25m2.2010.dat
2010;430: 2010 H37 4 1 0 5 0 1 0 2 0 0 1 0 0
2010;431: 2010 H37 4 1 1 0 0 0 0 0 0 0 1 0 0
2010;432: 2010 H37 4 6 0 0 1 0 0 0 0 0 0 0 0
2010;433: 2010 H37 2 1 0 3 0 1 0 2 0 0 0 0 0
2010;434: 2010 H37 2 3 0 0 0 0 0 1 0 0 0 0 0
./reg25m2.2010.dat, ./reg25m2.2010.csv, ./reg25m2.2010BAD.txt
Press any key to continue . . .