L2 8 1 0 8.0 1.1 1.3 1.5 1.6
L2 8 5 2 2.0
L2 2 5 0 1.8
L2 2 5 2 1.0
L2 1 0
C26 4 2 0 1.3
C26 3 2 0 1.0 1.9
C26 3 5 2 1.0
C26 1 2 0 2.0
C27 1 5 2 1.0
C27 2 3 0 1.0
C27 2 7 0 1.2
C27 4 7 0 1.5
C27 4 4 0 1.0
C27 4 2 0 1.5 1.6 1.8
C27 3 7.1 0 1.0 1.1 2.3
C27 3 2 0 1.0 1.4 1.5
C46 1 5 3 1.0
C46 1 7 0 1.2 1.4
C25 1 3 0 1.3
C25 1 4 0 1.1 1.6
C25 1 6 2 1.0
C25 1 1 0 1.0
C25 1 7.1 0 1.2
C25 1 7 0 1.5
C25 2 1 0 1.4 1.6
C25 2 2 0 2.0
C25 2 3 0 3.0 1.2 2.4 1.7
L7 2 0
C46 2 5 0 1.8
T5 2 0
T12 1 1 0 8.0
T12 1 2 0 1.3 1.8
T12 1 3 0 3.0 1.2
C17 2 1 0 4.0 1.1 2.2 3.3
C17 2 25.1 0 1.0 5.2 2.3
C17 2 25 0 1.8
C17 2 3 0 1.0
C17 1 1 0 2.0 1.1 1.2 1.3 1.5
C17 1 3 0 1.8 2.9
C18 1 1 0 8.0 1.1 2.2 1.3
C18 1 7 0 2.0 2.1 4.2 3.3
C18 1 6 2 1.0
C18 1 3 0 1.3
C18 3 1 0 11.0 3.2 1.3
C18 6 7 0 1.1 1.2 1.9
C18 6 5 0 1.4
C19 5 7 0 1.0 3.3
C42 2 6 0 1.0
T3 1 2 0 1.0
T3 1 4 0 1.1 1.3 1.5 1.6 1.8
T2 2 7 0 1.0 1.1 1.3 1.6
T2 2 25 0 2.0 1.1 3.3 1.4
T2 2 1 0 2.0 1.2 1.3 1.4
C15 5 1 0 1.0 1.5 1.7
C15 5 7 0 1.0
C15 5 5 0 1.6
C15 3 7 0 2.0 3.1 1.2 1.3
C15 3 5 0 1.7 1.8
C15 2 3 0 3.0
C15 2 2 0 1.0
C15 2 7 0 1.4
C15 2 1 0 1.3
C15 6 1 0 2.0
C15 6 5 0 1.7
C15 6 7 0 2.0 1.1 1.3
C15 6 8 0 1.9
C15 6 8 1 1.0
C42 2 1 0 11.0
C42 2 3 0 7.0 1.1 1.2 2.3 1.4
C42 2 5 0 2.0 1.2 1.8
C42 2 6.1 0 2.0
C13 4 9 0 2.0
C13 4 3 0 1.3
C13 2 0
L9 2 8 0 4.0
L9 2 1 0 12.0
L9 2 5 1 1.0
C16 3 6 1 1.0
C16 3 7 0 1.0 2.5 1.8
C16 3 7.1 0 1.0
C16 3 8 0 1.3
C16 5 1 0 1.0
C16 1 1 0 1.0
C15 7 1 0 5.0
C15 7 5.1 0 1.8
C15 7 3 0 1.0 1.4
C15 7 4 0 1.0 1.1
C15 7 8 0 1.0
C19 4 7 0 2.3 1.8
C19 4 5 0 1.7
C19 3 1 0 8.0 2.2 3.3 1.4
C19 3 7 0 1.0
C19 2 1 0 4.0 3.1 2.2 2.3 1.4 1.6
C19 2 7 0 2.0 3.1 1.2 1.3 1.4
C19 2 5 0 1.9
C19 2 3 0 2.0 1.3 1.5
C19 1 7 0 1.0 3.2 2.3 1.4
C19 1 6 1 3.0
C19 1 3 0 1.0 1.5
C13 6 5 3 2.0
C13 6 7 0 1.4 1.6
C13 6 5 2 2.0
C13 3 5 2 3.0
C13 3 7 0 2.0 1.3 1.4
C13 4 7 0 1.0 2.1 2.3
LG10 1 5 1 1.0
LG10 1 2 0 1.0
LG10 1 1 0 1.0
LG10 1 4 0 1.0
L1 5 5 0 1.4
L1 3 1 0 2.0 1.6
L1 3 5 0 0 1.0
L1 3 5 2 1.0
L1 3 5 3 1.0
L1 3 5 1 1.0
L1 3 6 2 1.0
L1 1 1 0 2.0 1.5 1.6 1.8 1.9
L1 1 2 0 1.0
L1 2 1 0 1.0 1.5
L2 5 9 0 1.0 1.5
L2 5 1 0 1.0
L2 5 5 0 1.0
HG44 2 7 0 1.1
HG44 2 2 0 1.0
HG44 2 25 0 9.0 2.2
HG44 2 10 0 1.0
HG33 1 5.1 0 1.1 4.2 2.3 1.6
HG33 1 7.1 0 1.1 2.2
HG33 1 4 0 1.0
HG33 1 25 0 1.0
HG33 1 1 0 2.0
HG33 4 1 1 20.0 2.3
HG33 4 5.1 1 3.0
HG33 4 5.1 0 2.2 1.3
HG33 4 5.1 2 3.0 1.1
HG33 4 25 0 8.0 2.2
HG33 4 7.1 0 1.0 1.1 2.2 3.3 1.4
HG33 4 4 0 1.0 1.4
HG33 4 7 0 1.0
T9 2 12 0 2.0 2.1
T9 2 5 2 2.0
T9 2 2 0 2.0
T9 2 6 1 1.0
T9 2 12 2 1.0
T9 2 6 2 2.0
T9 2 1 0 3.0
T9 2 3 0 1.7
T10 1 2 0 2.0
T10 1 5 2 6.0
T10 1 12 0 1.0 1.2
T10 1 12 2 3.0
T10 1 6 2 1.0
T10 1 12 3 1.0
T10 1 1 0 1.0
T10 1 12.1 1 5.0
T10 1 3 0 2.0 1.5
T10 1 12.1 2 1.0
C49 2 1 0 1.0
C49 2 8 0 1.0
C49 2 3 0 1.8
C49 1 3 0 1.7
C49 1 5 2 1.0
T11 2 1 0 11.0
T11 2 5 1 1.0
T11 2 5 2 1.0
T11 2 3 0 1.8
C22 2 3 0 1.0 1.3
C22 2 25 0 3.0
C22 4 3 0 6.0
C22 4 8 0 2.0
C22 6 7 0 1.8
C22 6 3 0 1.0
C44 1 3 0 1.1
C44 1 25 0 1.0
C44 2 25 0 3.0
C44 2 7 0 2.0 1.1 1.7
C44 2 3 0 6.0
C45 1 3 0 1.0 1.3
C45 1 25 0 3.1 1.2 1.3
C45 1 7.1 0 3.1
C45 2 3 0 3.0 1.2 1.4 1.5 1.9
C21 1 3 0 3.0 1.2 6.3 2.4 1.5 1.6 1.7
C21 1 11 0 1.1
C21 1 7 0 1.2
C21 1 7.1 0 1.0
C21 1 1 0 1.0
C21 2 6.1 1 4.0
C21 2 3 0 2.0 1.2 1.3 2.4 2.5 2.6
C21 2 6 1 1.0
C20 5 1 0 2.0
C20 4 1 0 7.0
C20 4 3 0 3.0 2.3 2.4 1.5 1.6 1.9
C20 4 4 0 1.5
C20 4 8 0 1.0 1.3
C20 3 3 0 1.0 1.2 1.4 1.5 1.6
C20 3 8 0 1.6 1.8
C20 3 1 0 1.0
C20 3 6 1 1.0
C20 1 7 0 2.2 1.4
C20 1 3 0 3.0 1.2 1.4
C20 1 4 0 1.3
T13 1 3 0 7.0 1.6
T13 1 1 0 21.0 3.2 1.3
T13 1 7 0 1.0 1.3
T13 1 4 0 3.0 1.2
T14 1 1 0 5.0 1.8
T14 2 4 0 1.0
T14 2 3 0 1.0 2.2 1.3 1.5
C55 5 4 0 1.0
C55 5 5 0 2.2 1.7
C55 5 7 0 1.3 1.4
C55 1 0
C55 2 8 0 1.6
C55 2 4 0 1.3
C54 6 25 0 3.0
C54 6 4 0 1.5
C54 6 8 0 1.4
C54 6 3 0 1.8
C54 4 25 0 3.0 2.3
C54 4 3 0 1.0 1.4 1.5
C54 4 2 0 1.4 1.5
C54 4 1 0 1.0
C54 5 3 0 3.0 1.5 1.7
C54 5 4 0 1.6
C54 1 4 0 3.0 2.3
C54 1 3 0 5.0 1.1 1.3 1.4
C54 1 2 0 1.0
C23 4 1 0 5.0
C23 4 3 0 2.0 1.3 1.4
C23 4 8.1 0 4.0
C23 4 8 0 1.2
C23 1 3 0 2.0 1.3
C23 1 8 0 1.5
C23 1 8.1 0 1.0
C23 1 1 0 2.6
HG17 1 25 0 3.0 1.1 2.2
HG17 1 7 0 1.0 1.1
HG17 2 7 0 1.0
HG17 2 25 0 1.0 1.2 2.5
HG17 2 7.1 0 2.0
HG17 5 1 0 3.0
HG17 5 7.1 0 2.1
HG18 3 7.1 0 3.0 2.2
HG18 3 1 0 2.0
HG18 3 7 0 2.0 1.1
HG18 3 4 0 1.0
HG18 3 2 0 1.0
HG18 1 7.1 0 4.0
HG18 4 4 0 1.0
HG18 4 1 0 4.0 1.2
HG18 4 3 0 1.0
HG18 4 7 0 6.0 6.1 5.2 3.3
C41 1 3 0 2.0
C41 1 25 0 4.0 2.1 4.2 1.3
C41 1 2 0 1.9
L4 9 5 1 1.0
L4 7 1 0 2.0 1.9
L4 7 5 0 1.0 1.3
L4 7 5 1 1.0
L4 7 7 0 1.0
L4 6 5 0 1.3
L4 6 5 2 2.0
L4 10 5 2 2.0
L4 2 5 1 1.0
HG17 3 1 0 7.0
HG17 3 7.1 0 4.0 1.1
HG17 3 25 0 1.0 1.1 1.2
HG17 1 7.1 0 5.0 2.1
HG17 1 11 0 1.0
HG55 1 1 0 1.0
HG55 1 2 0 1.0
HG55 1 7 0 2.0
C30 3 2 0 10.0
C30 3 3 0 2.0
C30 4 3 0 1.0 1.2 2.3
C30 4 2 0 1.0
C30 1 3 0 2.0 1.5 1.6 1.8
C30 1 2 0 2.0
C30 1 4 0 1.0
C30 6 2 0 9.0
C30 6 3 0 2.0
C30 6 7 0 1.0
C40 1 25 0 2.0
C40 1 3 0 1.2
C40 1 4 0 1.9
C40 1 2 0 1.0 1.4
C28 6 4 0 1.0
C28 6 3 0 1.0
HG43 1 25 0 1.0 1.1 1.2 1.3 1.4
HG43 1 3 0 1.0
HG43 1 7.1 0 5.0 1.1 1.3
HG43 1 7 0 2.0
C29 1 9 0 1.6
C29 1 3 0 1.7
C29 4 1 0 1.0
C29 6 3 0 2.0
C29 6 7 0 1.9
C29 6 2 0 1.0
C29 5 3 0 1.5
C53 2 0
HG55 1 25 0 10.0 1.8
HG55 1 3 0 1.0
HG55 1 7.1 0 1.0 2.1
TG8 2 7 0 1.0
TG8 2 2 0 1.0
C32 2 7 0 1.0
C38 1 3 0 2.0 1.3
C38 1 5 2 1.0
C38 1 2 0 1.6 1.7
C38 1 5 0 1.6
C28 3 2 0 1.0 2.3 1.4 1.5
C28 4 3 0 1.0
C28 2 7.1 0 1.8
C28 2 5 3 2.0
C28 2 3 0 1.2
C28 2 5 0 1.9
C28 5 7 0 2.9
C28 6 1 1 1.0
C28 6 25 0 1.2
C28 6 7 0 1.6 1.7
HG19 2 7 0 3.0 1.1
HG19 2 4 0 4.0 1.1 1.2 1.3 1.6
HG19 2 7.1 0 5.0 1.1 5.2
HG19 2 1 0 3.0
HG19 1 1 0 3.0
HG19 1 4 0 3.1 1.2
HG19 5 0
HG1 1 1 0 3.0
HG1 1 2 0 3.0
HG1 1 3 0 2.0
HG1 1 4 0 1.0
HG1 1 25 0 3.0
HG3 6 1 0 1.0
HG3 6 10.1 0 1.1 1.2 1.3 1.4
HG3 6 9 0 2.0
HG3 3 1 0 2.0
HG3 3 3 0 2.0
HG3 3 5 1 1.0
HG3 3 5 2 1.0
HG3 3 5 3 1.0
HG3 3 10 0 2.0 1.2 7.3 1.4
HG3 3 6.1 0 2.0
HG8 6 7 0 4.0
HG8 6 8 0 9.0 1.2
HG8 6 5 0 1.5 1.6
HG8 8 5 0 1.1 1.2 1.4 1.5 1.6
HG8 8 3 0 1.3 1.5
HG8 8 8 0 1.0
HG8 5 7 0 1.0
HG8 4 8 0 43.0
HG8 4 1 0 1.0
HG8 4 7 0 4.0 1.1
HG8 4 9 0 1.0
HG8 1 8 0 66.0
HG8 1 3 0 2.0
HG8 1 1 0 4.0
HG8 1 7 0 10.0
HG8 1 9 0 1.0
HG8 1 13 0 1.0 1.1
HG8 2 8 0 120.0 2.1
HG8 2 1 0 8.0
HG22 1 7 0 15.0 3.1 2.2
HG22 1 1 0 11.0
HG22 1 3 0 4.0
HG22 1 8 0 4.0
HG22 1 5 2 4.0 1.1
HG22 3 5 2 4.0
HG22 3 6 2 2.0
HG22 3 1 0 1.0 1.6
HG22 3 5 1 3.0
HG22 3 4 0 1.0
HG22 3 7.1 0 1.0 1.1 4.2 2.3 1.4 1.5 1.6
C8 8 7 0 1.4 1.9
C8 8 3 0 4.0
HG24 6 3 0 1.2
HG24 6 1 0 2.0
HG24 6 8 0 4.0
HG24 6 9 0 1.0
HG24 6 6 1 1.0
HG24 6 7.1 0 1.0 1.2 1.3 1.5
HG24 6 4 0 2.0
HG24 3 3 0 3.0
HG24 3 25 0 1.0
HG24 3 12 0 4.0
HG24 3 1 0 3.0
HG24 2 1 0 5.0
HG24 2 3 0 1.3
HG24 2 8 0 3.0
HG24 2 5 2 2.0
HG22 4 8 0 1.0
HG22 4 7.1 0 1.0 2.3
C7 8 8 0 2.0
C7 8 3 0 1.5
C8 1 2 0 1.0 1.3
C8 1 8 0 1.0 1.3 1.7
C8 1 7 0 1.5
C8 1 3 0 1.5
C8 3 1 0 3.0
C8 3 7 0 3.3
C8 3 7.1 0 2.0
C8 3 6 0 1.0
C8 3 3 0 2.0 1.2 2.3
C8 3 2 0 1.4
C8 6 1 0 6.0
C8 6 2 0 1.0
C8 6 3 0 2.0
C8 4 1 0 3.0
C8 4 8 0 1.5 1.6
C8 4 8.1 0 2.0
C8 4 2 0 2.0
C8 4 3 0 2.0
HG11 2 1 0 1.0
HG11 2 7 0 7.0
HG11 2 2 0 1.0 1.3
HG11 2 3 0 7.0 1.3
HG11 2 9 0 14.0
C7 1 3 0 12.0 1.1 2.3 1.6
C7 1 7 0 1.5
C7 1 7.1 0 2.0
C7 2 3 0 3.0 2.3
C7 2 2 0 1.5
C7 4 1 0 7.0
C7 4 2 0 3.0
C7 4 3 0 1.3
C7 4 7 0 1.7
C7 4 7.1 0 1.0
C7 5 3 0 1.0 1.5 1.6
C7 5 1 0 3.0
C7 8 1 0 12.0
C7 8 2 0 2.0 1.5
HG27 1 7 0 2.0
HG27 1 9 0 9.0 3.1 1.2
HG27 1 10 0 47.0 13.1
HG27 1 5 0 2.0 2.1 1.3
HG27 1 7 2 1.0
HG27 1 1 0 1.0
HG27 1 5 1 1.0
HG27 1 7 0 1.0
HG27 1 6 1 1.0
HG27 4 5 0 2.1 1.2
HG27 4 9 0 4.0 1.1
HG27 4 10 0 11.0 2.1
HG27 4 14 0 1.2
HG27 4 5 2 2.0
HG11 4 3 0 6.0
HG11 4 7.1 0 3.0 1.2 2.5
HG11 5 3 0 4.0 5.1 1.2
HG11 5 5 2 1.0
HG11 5 8 0 4.0 1.3 1.7
HG11 5 9 0 3.0 2.2
HG11 3 1 0 4.0
HG11 3 8 0 14.0
HG11 3 9 0 9.0 1.1 1.2
HG11 3 10 0 2.0 2.1
HG11 3 7 0 3.0
HG11 3 2 0 1.0
HG11 3 5 2 1.0
HG11 8 1 0 4.0
HG11 8 8 0 1.0
HG11 8 7 0 1.0
HG11 8 3 0 1.0
HG11 8 10 0 2.0
HG11 8 5 2 1.0
HG11 1 12 0 8.0 8.1 5.2 1.3
HG11 1 8 0 13.0 1.1 1.2
HG11 1 7 0 8.0
HG11 1 5 2 1.0
HG11 1 9 0 1.0 9.1
HG11 1 10 0 1.1
HG11 2 8 0 7.0
HG11 2 12 0 5.0
C9 3 1 0 3.0
C9 3 5 0 1.8
C9 1 1 0 1.0
C9 1 6 0 1.8
C9 1 7 0 1.8
C9 7 5 2 12.0
C9 7 5 1 2.0
C9 7 1 0 5.0
HG12 1 5 2 7.0
HG12 1 7.1 0 2.0 3.1
HG12 1 5 0 1.1
HG12 1 6 1 7.0
HG12 1 5 1 9.0
HG12 1 12 0 1.0 1.1
HG12 1 6 2 3.0
HG12 1 9 0 2.0
HG12 1 1 0 4.0 1.1
HG12 1 7.1 0 6.0 5.1 7.2 6.3 2.4 2.5
HG12 7 1 0 3.0 1.1 1.2
HG12 7 5 2 2.0
HG12 7 7.1 0 2.2 2.3
HG12 7 6 2 1.0
HG12 7 5 3 1.0
HG12 7 15 0 4.0 1.1 1.2
HG12 7 9 0 21.0
HG12 7 6 1 2.0
HG12 4 1 0 6.0 4.1 1.2
HG12 4 6 2 2.0
HG12 4 5 1 4.0
HG12 4 5 2 3.0
HG12 4 15 0 1.1
C10 5 5 2 3.0
C10 5 6 2 4.0
C10 2 5 0 1.4
C10 2 1 0 29.0
C10 2 6 2 3.0
C10 2 6 1 2.0
C10 2 7.1 0 1.1
C10 1 1 0 11.0
C10 1 12 0 3.0
C10 1 7.1 0 1.1
C10 6 1 0 1.0
C10 6 9 0 18.0 5.1
C10 6 7 0 1.0
C10 6 3 0 1.0
C9 2 5 3 1.0
C9 2 1 0 8.0
C9 2 12 0 1.0
C9 2 5 1 1.0
C9 2 6 1 2.0
C11 2 1 0 7.0
C11 2 5 1 1.0
C11 2 3 0 1.0
C11 2 5 2 1.0
C11 1 3 0 1.4
C11 1 5 0 1.3
C11 1 7 0 1.3
C11 1 1 0 1.3
C11 4 5 0 1.5 1.7
C12 2 3 0 2.0 1.2 4.3 5.4 2.5 1.6
C12 3 1 0 1.0
C12 3 5 2 1.0
C12 3 5 1 1.0
C12 3 3 0 1.0
C10 4 1 0 5.0
C10 4 9 0 6.0
C10 5 1 0 10.0
C10 5 12 0 1.4
HG10 3 7 1 4.0
HG10 3 7 0 20.0
HG10 3 12 0 5.0
HG10 3 6 1 2.0
HG10 3 8 0 8.0
HG10 3 1 0 4.0
HG10 3 13 0 2.2 2.3 2.4
HG10 3 3 0 1.0
HG10 3 5 2 1.0
HG10 3 10 0 1.0
HG10 1 7 0 6.0 2.1
HG10 1 1 0 3.0
HG10 1 13 0 5.0 4.1 9.2 7.3 3.4 1.5 1.6
HG10 1 8 0 6.0
HG10 1 5 0 1.2
HG9 2 9 0 6.0 1.1
HG9 2 7 0 3.0
HG9 2 8 0 16.0
HG9 2 3 0 2.0
HG9 2 13 0 6.0 1.1 3.3
HG3 1 1 0 4.0 1.1
HG3 1 2 0 2.0
HG3 1 5 2 2.0
HG3 1 9 0 2.0
HG2 3 1 0 1.0
HG2 3 2 0 1.0
HG2 3 3 0 1.0 2.3
HG2 3 25 0 6.0 1.2 1.3
HG1 5 1 0 1.0
HG1 5 25 0 3.0 1.1 2.2 1.3
HG1 6 2 0 1.0
HG1 6 3 0 9.0 2.2 1.3
HG1 6 4 0 1.1
HG1 6 25 0 4.0 3.1 3.2
HG2 1 1 0 1.0
HG2 1 2 0 1.0
HG2 1 4 0 2.0
HG2 1 7.1 0 2.0 2.1 5.2 3.3 1.4
HG2 4 1 0 1.0
HG2 4 2 0 1.0
HG2 4 3 0 1.3
HG2 4 4 0 1.0
HG2 4 7 0 2.0 5.1
HG2 4 25 0 4.0 3.1 1.2
HG2 4 9 0 1.0
C1 1 1 0 1.0
C1 1 3 0 1.2
C1 1 7 0 1.0 1.4
C1 3 7 0 1.0 1.3 1.5
C1 3 1 0 1.0
C2 2 0
C2 3 7 0 1.2 1.8
C2 3 3 0 1.4
C2 1 0
C3 1 3 0 4.0 1.3 2.4 1.5 2.6
C3 2 3 0 1.2 1.4 1.9
C3 5 9 0 1.1
C3 5 3 0 3.0 1.1 1.3 1.4
C3 5 5 2 2.0
C3 5 1 0 2.0
C3 5 6 0 1.0
C4 1 7 0 1.0 1.4
C4 1 6 1 2.0
C4 1 3 0 3.0 3.3 1.4 1.5 1.7
C4 2 3 0 1.2 1.3
C4 2 1 0 1.0
C4 3 3 0 5.0 1.1 1.2 2.3 2.4 3.5 1.6 1.7
C4 3 5 1 1.0 1.1
C4 4 3 0 1.0 1.1 1.3 1.4
C4 4 5 2 6.0
C4 4 6 0 1.0
C4 4 5 3 2.0
C4 4 2 0 1.0
C4 4 1 0 1.0
C4 6 5 3 1.0
C4 6 5 2 5.0
C4 6 5 1 2.0
C4 6 3 0 1.0 3.2
C4 6 1 0 1.5
C31 5 3 0 1.0 1.6
C31 5 7 0 1.8
C31 5 7.1 0 1.0
C31 6 3 0 1.2 3.3 2.5 1.6
C31 3 2 0 1.1
C31 3 3 0 1.1 1.2 1.4
C31 3 7 0 1.5
C31 1 2 0 1.8 1.9
C31 1 3 0 3.1 1.4 1.5 1.6 1.8
C31 1 7 0 1.3 1.9
C31 2 3 0 1.3
C31 2 7 0 1.7
C24 5 25 0 5.0 1.1 3.2 1.3 1.4 1.6
C24 5 4 0 2.0
C24 5 1 0 1.0
C24 5 2 0 1.0
C24 1 4 0 1.2
C24 1 25 0 2.0 1.2
C24 1 3 0 1.2 1.4
C24 4 4 0 1.2
C24 4 1 0 1.0
C24 4 5 0 1.8
C24 4 3 0 1.0
C24 4 25 0 2.0 2.1 1.2 4.5
C24 2 6 2 1.0
C24 2 1 0 1.5 1.7
C24 2 3 0 1.0 1.1 1.8
C24 2 25 0 2.0
C24 6 3 0 1.0 1.4 1.6 1.7 1.9
C24 6 1 0 1.0
C24 6 25 0 3.0 1.1 1.3
C24 6 4 0 1.5
HG10 2 7 0 4.0
HG10 2 8 0 12.0
HG10 2 3 0 2.0
HG10 2 13 0 5.0 13.1 4.2 4.3
HG10 2 9 0 1.0
HG10 2 6 0 1.1
HG10 2 5 0 1.0
HG10 2 1 0 1.0
HG9 5 7 0 5.0 1.2
HG9 5 8 0 10.0
HG9 5 9 0 7.0 2.1
HG9 3 13 0 1.0 3.1 1.3 3.4 1.5
HG9 3 7 0 1.0 1.1 2.2
HG9 3 12 0 1.0 1.1 1.2
HG9 3 8 0 10.0
HG9 3 9 0 1.0 1.2
HG8 7 1 0 1.0
HG8 7 5 2 1.0
HG8 7 7 0 3.0
HG8 7 13 0 1.0 1.1
HG8 2 3 0 1.0
HG8 2 13 0 1.0
HG8 2 2 0 1.0
HG8 2 9 0 5.0
HG8 2 10 0 3.0
HG8 2 7 0 10.0
HG8 2 7.1 0 1.0 5.1 8.2 1.3 4.4
HG10 6 8 0 8.0
HG10 6 7 0 16.0
HG10 6 5 0 2.2 2.3 1.4 1.5
HG10 6 1 0 1.0
HG10 6 13 0 3.0
HG10 6 6 1 1.0
HG10 6 3 0 1.0
HG13 3 15 0 1.0
HG26 1 1 1 3.0
HG26 1 3 0 2.0 1.4 1.9
HG26 1 7 0 4.0 1.1 1.2
HG26 1 7.1 0 2.0
HG26 1 4 0 1.0
C5 1 6 1 1.0
C5 1 1 0 6.0
C5 1 3 0 1.5
C5 1 8 0 1.0
C5 1 7 0 1.9
C5 2 1 0 9.0
C5 2 3 0 1.0
C6 3 3 0 2.0 2.3 1.4 1.5
C6 1 3 0 3.0 1.1 2.3 1.7
C6 1 6 2 1.0
C6 1 5 1 1.0
HG14 2 9 0 7.0 2.1 1.2 1.3
HG14 2 12 0 2.0
HG14 2 8 0 9.0 1.1
HG14 2 7 0 1.0
HG14 5 5 0 1.0
HG14 5 8 0 1.0
HG14 5 5 2 2.0
HG14 1 16 0 1.0
HG14 1 9 0 7.0
HG14 1 12 0 2.0 1.3
HG14 1 7 0 4.0
HG14 1 8 0 7.0 2.8
HG14 1 5 1 1.0
HG13 1 12 0 7.0 2.1 1.2
HG13 1 8 0 8.0 1.1 1.6 1.9
HG13 1 7 0 4.0
HG13 1 9 0 7.0 1.3
HG13 1 1 0 1.0
HG13 1 5 1 1.0
HG13 4 5 0 1.1
HG13 4 3 0 5.0 1.2
HG13 4 5 2 2.0
HG13 6 8 0 6.0
HG13 6 7 0 5.0
HG13 6 5 1 1.0
HG13 6 4 0 1.0
HG13 6 1 0 1.0
HG13 6 5 2 1.0
HG13 2 7 0 6.0
HG13 2 3 0 2.0 1.8
HG13 2 1 0 1.0 1.2
HG13 2 5 1 2.0
HG13 2 8 0 1.0
HG13 2 12 0 1.0
HG13 2 9 0 1.0
HG13 3 9 0 2.1 1.3 2.4
HG13 3 7 0 10.0 1.1
HG13 3 5 2 1.0
HG13 3 8 0 17.0 3.1
C14 6 3 0 1.0
C14 7 1 0 3.0
C14 7 5 0 1.8
C14 7 3 0 1.0 1.5
C14 7 4 0 1.0 1.2
C6 4 12 0 1.0
C6 4 3 0 1.4
C6 4 8 0 2.0
C14 1 5 0 1.9
C14 1 7 0 1.5
C14 2 1 0 1.0
C14 2 7 0 2.0 1.2 1.9
C14 2 7.1 0 4.0
C14 2 4 0 1.0
C14 4 7 0 5.0 1.4 1.5 1.6 1.8
C14 4 7.1 0 8.0
C14 4 5 0 1.9
C14 5 1 0 5.0
C14 5 6 1 1.0
C14 5 7 0 1.0
C14 6 5 1 3.0
C14 6 7 0 6.0 1.1
C14 6 1 0 3.0
HG32 1 8 0 21.0
HG32 1 7 0 12.0 2.1
HG32 1 3 0 1.0 1.3
HG32 1 1 0 3.0 1.2 1.3
HG32 1 9 0 3.0
HG32 1 25 0 7.0 2.1 2.2
HG32 1 10 0 1.0
HG32 1 5 2 1.0
HG7 1 3 0 4.0
HG7 1 5 2 1.0
HG7 1 5 3 1.0
HG7 1 6 1 1.0
HG7 1 7 0 1.0
HG7 1 1 0 1.0
HG7 1 9 0 23.0 2.1
HG7 3 8 0 7.0
HG7 3 26 0 12.0 7.1 13.2 4.3
HG7 3 9 0 3.0 1.4
HG7 3 7.1 0 2.0 1.2 1.3 1.5
HG7 3 7 0 1.0
HG7 3 1 0 3.0 2.1 1.2
HG7 3 6 2 1.0 1.1
HG7 5 9 0 4.0
HG7 5 7 0 3.0 2.2
HG7 5 5 2 3.0
HG7 5 8 0 6.0 1.8
HG7 5 1 1 1.0
HG7 5 3 0 2.0 1.5
HG7 5 1 0 1.1 1.2 1.3 1.4
HG7 7 8 0 12.0
HG7 7 9 0 11.0
HG7 7 7 0 4.0
HG7 7 5 1 1.0
HG7 7 1 0 1.0
HG6 1 6 0 1.0 1.2
HG6 1 7 0 2.0
HG6 1 5 2 1.0
HG6 1 6 2 5.0
HG6 1 1 0 5.0
HG6 1 9 0 1.0
HG6 1 8 0 3.0 1.1 1.2
HG6 1 5 0 1.4
HG6 1 6 1 2.0
HG6 4 1 0 2.0
HG6 4 7.1 0 7.1 5.2 2.3 1.4
HG6 4 6 1 1.0
HG6 4 3 0 1.0 1.4
HG6 3 5 2 3.0
HG6 3 5 3 2.0
HG6 3 3 0 1.0 1.2 1.4 1.8
HG6 3 6 1 3.0
HG6 7 5 2 8.0
HG6 7 5 3 1.0
HG6 7 6 1 3.0
HG6 7 1 0 2.0
HG6 7 5 1 1.0
HG6 7 6 2 2.0
HG6 7 3 0 2.0
C34 6 7 0 1.9
C34 5 4 0 2.0
C34 5 25 0 2.0
C34 5 2 0 1.0
C34 5 5 2 1.0
C34 1 7 0 1.8
C34 1 7.1 0 3.0
C34 1 2 0 2.0 1.2
C36 4 5 0 1.8
C36 4 2 0 1.0
C36 1 4 0 4.0
C36 2 2 0 2.0
C36 2 4 0 2.0
C48 1 25 0 1.0
C48 1 7 0 1.9
C33 1 3 0 1.4 2.5
HG50 1 9 0 4.0 1.1
HG50 1 1 0 10.0
HG50 1 8 0 18.0
HG50 1 10 0 1.0
HG50 1 4 0 2.0
HG50 1 7 0 3.0
HG50 1 1 1 1.0
HG51 1 8 0 60.0
HG51 1 9 0 7.0
HG51 1 4 0 1.0 1.3
HG51 1 6 0 1.0
HG51 1 1 0 2.0
HG51 1 10 0 2.0
HG51 1 6 1 1.0
HG51 1 7 0 1.0
HG53 1 1 0 1.0
HG53 1 4 0 1.0
HG53 1 7.1 0 1.2 3.3 1.4
HG52 2 8 0 10.0
HG52 2 9 0 3.0
HG52 2 4 0 1.0
C47 2 3 0 2.3 1.5
C47 2 2 0 2.0
C47 2 4 0 1.0 1.2
C48 2 5 0 1.9
C48 2 7.1 0 1.6
C48 2 2 0 1.8
L6 1 1 0 2.0 1.2 1.3
L6 1 4 0 1.0 1.6
L6 1 2 0 1.9
T4 1 3 0 3.0 1.2
T4 1 4 0 1.0 1.4
T4 1 7.1 0 5.0
HG34 2 7 0 1.0
HG34 2 2 0 3.0
HG34 2 4 0 1.0 1.3
HG34 2 1 0 1.0
L5 2 1 0 1.0 2.1 1.6
L5 2 5 2 1.0
C33 2 7 0 1.0
C33 2 5 0 1.8
C33 2 1 0 5.0 1.2
C33 2 2 0 1.5
C33 2 25 0 2.0
C33 3 7.1 0 1.0 1.1
C33 3 3 0 1.0 1.3
C33 3 5 3 1.0
C33 6 1 0 6.0 1.7
C33 6 3 0 1.3
C33 6 5 0 1.0
C35 1 3 0 3.0 1.3 1.5 1.7
C35 1 2 0 2.0 1.8
C35 3 3 0 1.0 1.1 1.2 3.3 2.4 1.5 1.6 1.7 1.8
C35 3 7 0 1.6 1.7
C35 3 2 0 1.0
C35 4 2 0 3.0 1.3
C35 4 3 0 1.0 1.2 3.4 1.5 1.6
TG6 1 3 0 2.0 1.2 1.7
TG6 1 4 0 1.0
TG6 1 7.1 0 1.3
TG7 2 7.1 0 1.0 1.1 1.2 1.3
TG7 2 7 0 1.0
TG7 2 2 0 1.0
HG23 7 3 0 1.0
HG23 7 1 0 1.0
HG23 7 5 2 1.0
HG23 4 5 2 3.0
HG23 4 8 0 1.0 1.1
HG23 4 1 2 1.0
HG23 4 7 0 2.0
HG23 4 5 0 1.2
HG23 4 5 3 1.0
HG23 4 6 0 1.4
HG23 4 9 0 6.0 1.2 1.3
HG23 4 6 2 1.0
HG23 4 4 0 1.0
HG23 2 1 0 1.0
HG23 2 5.1 2 1.0
HG23 2 5.1 3 2.0
HG23 2 5 0 1.5
HG23 2 12 2 2.0
HG23 2 3 0 1.4
HG23 1 7.1 0 1.0 1.2 1.3 1.5
HG23 1 1 0 2.0
HG23 1 8 0 1.0
L3 12 2 0 1.0 1.4
L3 12 1 0 3.0 1.6 1.7
L3 12 4 0 1.0 1.3 1.5
L3 11 5 2 2.0
L3 11 1 0 1.0
L3 11 1 2 0 1.4 1.5
L3 11 4 0 1.6
L3 6 1 0 1.0 1.2 1.3 1.4 1.8 1.9
L3 6 2 0 2.0 1.4
L3 6 4 0 1.5
L3 4 2 0 2.0
L3 4 1 0 1.2 1.3 1.4
T1 1 1 0 1.2 2.3
T1 1 3 0 3.0 2.3
T1 1 6.1 1 1.0 2.3
T1 1 4 0 1.0
T1 1 2 0 1.3
HG21 2 1 0 13.0 1.1 1.3 1.5
HG21 2 3 0 1.0
HG21 2 6 0 1.5
HG21 2 6 2 1.0
HG21 5 1 1 4.0
HG21 5 9 0 3.0
HG21 5 7 0 1.0
HG21 5 1 0 5.0 1.1 1.2
HG21 5 5.1 0 2.1 3.3
HG21 1 1 0 2.0
HG21 1 2 0 1.8
HG21 1 3 0 1.0
HG21 1 7 2 2.0
HG30 4 5 2 8.0
HG30 4 5 0 1.1 1.2
HG30 4 1 0 1.4
HG47 2 1 0 1.0
HG47 2 2 0 1.0
HG47 2 4 0 1.0
HG47 2 6 0 1.3
HG48 2 4 0 1.0
L8 1 0
L8 6 3 0 1.2
L8 6 1 0 1.0
HG25 6 1 0 1.7
HG25 6 8 0 8.0 1.6
HG25 6 3 0 1.0
HG25 6 10 0 2.0
HG25 1 1 0 8.0
HG25 1 8 0 7.0
HG25 1 4 0 2.0
HG25 1 9 0 2.0
HG25 1 3 0 1.0
HG25 1 2 0 1.0
HG25 5 4 0 1.0
HG25 5 8 0 2.0
HG25 5 9 0 1.0
HG25 5 7.1 0 4.0 4.1 1.2 6.3 4.4
C52 1 6 1 1.0
C52 1 7 0 1.7
C52 1 1 0 4.0
C52 1 2 0 1.0
C52 1 6 0 1.8
HG20 5 1 0 9.0 3.2 1.4
HG20 5 6 2 1.0
HG20 5 5 2 1.0
HG20 3 1 0 2.0 4.1 5.2 7.3 6.4
HG20 3 7 0 1.0
HG20 3 1 1 1.2
HG20 3 3 0 1.3
HG20 2 5 2 2.0
HG20 2 5 3 2.2
HG20 2 1 0 15.0 6.1 4.3 1.5
HG20 2 6 1 1.0
HG20 2 6 0 1.1
HG20 2 1 1 1.4
HG20 2 3 0 1.6
HG20 1 10 0 1.0 1.1
HG20 1 1 0 2.0 1.1 2.2
HG20 1 9 0 2.0
HG5 3 1 0 8.0
HG5 3 3 0 1.3
HG5 3 7 0 1.0
HG5 3 2 0 1.0
HG5 6 1 0 1.0 1.2
HG5 6 10 0 1.0 2.1
HG5 6 2 0 1.1
HG5 6 5 2 1.0
HG5 6 25 0 1.0
HG5 6 3 0 1.0
HG5 6 9 0 1.0
HG4 4 1 0 3.0 1.1
HG4 4 6 1 1.0
HG4 4 5 2 1.0
HG4 4 10 0 1.0
HG4 6 2 0 1.1
HG4 6 9 0 2.0
HG4 6 5 3 1 0
HG4 6 5 2 1.0
HG4 2 1 0 3.0 1.1
HG4 2 7.1 0 1.1 2.2 1.3
HG4 2 10 0 2.2 2.3
HG4 2 5.1 0 1.3
HG4 1 5.1 2 1.0
HG4 1 1 0 3.0 1.1
HG4 1 5 0 1.5
HG40 2 2 0 5.0
HG40 2 3 0 1.0
HG40 2 1 0 1.0 1.4
HG40 1 2 0 4.0
HG40 1 1 0 3.0
HG40 1 5 2 1.0
HG40 1 5 3 1.0
HG42 2 7 0 1.0 1.1
HG42 2 9 0 1.0
HG35 5 10 0 5.0 1.1
HG35 5 1 0 1.0
HG35 5 9 0 1.0
HG35 5 7 0 1.0
HG35 5 7.1 0 3.2 5.3 1.5
HG35 4 7 0 2.0
HG35 4 9 0 1.0
HG35 6 7.1 0 1.0 1.1 4.2 1.3 3.4 3.5 3.6
HG35 6 3 0 1.0
HG5 1 1 0 9.0
HG5 1 2 0 2.0
HG5 2 1 0 7.0
HG5 2 2 0 1.5
HG5 2 7 0 3.0 1.1 1.2
HG5 2 7.1 0 1.1
HG46 2 1 0 9.0 1.1 1.2 1.5
HG46 2 5 1 1.0
HG45 2 3 0 7.0 2.2
HG45 2 25 0 5.0 1.2
HG39 3 2 0 1.0 1.2
HG39 3 1 0 2.0
HG39 1 2 0 1.0
HG39 6 7.1 0 3.1
HG39 6 2 0 8.0
HG39 6 25 0 9.0 7.1 8.2 1.3 1.4
HG39 6 6 2 1.0
HG39 6 4 0 1.6
HG36 3 3 0 2.0 1.4
HG36 3 25 0 4.0
HG36 3 1 0 2.0
HG36 4 7.1 0 1.0 7.1 5.2 2.3 1.4
HG36 4 25 0 1.1
HG36 4 1 0 5.0
HG38 1 5 2 1.0
HG38 1 6 1 3.0
HG38 1 7 0 2.0 1.3
HG37 4 6 1 2.0
HG37 4 1 0 1.1
HG37 4 6 3 2.0
HG37 4 9 0 1.0
HG37 2 1 0 1.0
HG37 2 6 1 2.0
HG37 2 5 2 2.0
HG37 2 9 0 1.0
HG37 2 7.1 0 4.0 5.1 5.2 6.3
HG37 2 5 1 1.0
HG37 2 3 0 1.0
HG37 1 6 2 1.0
HG37 1 5 2 9.0
HG37 1 9 0 6.0
HG37 1 1 0 13.0 3.1
HG37 1 3 0 3.0
HG37 1 10 0 1.0
HG37 1 2 0 1.0
HG37 5 9 0 15.0
HG37 5 10 0 4.0
HG37 5 5 1 1.0
HG37 5 5 2 7.0
HG37 5 6 1 3.0
HG37 5 1 0 3.0
HG37 5 6 0 1.1
HG37 5 7 0 1.0
HG37 5 3 0 2.0
HG37 5 5 0 1.5
HG37 5 5 3 2.0
HG37 5 8 0 1.0
HG38 5 1 0 2.0
HG38 5 9 0 2.0 1.1
HG38 3 1 0 4.0 4.1 1.2
HG38 3 6 1 1.0
HG38 3 6 2 4.0
HG38 3 9 0 2.0
HG38 3 5 0 1.1 1.3
HG38 3 5 2 1.0
HG38 1 1 0 3.0 1.2
HG38 1 8 0 17.0
HG38 1 9 0 1.0
HG38 1 6 2 2.0
C37 2 3 0 1.6 1.9
C37 2 5 2 1.0
C37 2 7.1 0 4.0
C37 2 5 0 1.1 1.4
C51 2 6 1 2.0
C51 2 8 0 1.0 1.2
C51 2 2 0 1.0 1.4
C51 2 5 1 1.0
C51 2 3 0 3.0 2.3 2.4
C51 2 7 0 1.1
C51 2 5 2 1.0
HG49 2 6 1 1.0
HG31 1 1 0 19.0 5.1 5.2
HG31 1 3 0 1.0
HG31 1 6 2 1.0
HG31 1 5 1 1.0
HG31 2 1 0 10.0 2.1 2.2 2.3 1.4 1.5 1.6 1.9
HG31 2 3 0 1.0 2.2
HG31 2 6 0 1.1
HG31 2 7.1 0 2.1 2.2
HG28 1 9 0 14.0
HG28 1 7 0 2.0 1.1
HG28 1 10 0 5.0
HG28 1 1 0 3.0
HG28 3 5 2 5.0
HG28 3 5 3 1.0
HG28 3 7 0 2.0
HG28 3 6 1 1.0
HG28 3 6 2 1.0
HG28 3 7.1 0 1.0 2.2 1.3 1.4
HG28 3 1 0 2.0
HG54 1 1 0 1.0
HG54 1 8 0 1.1
HG54 1 3 0 1.1
C50 1 1 0 1.0
C50 1 5 0 1.3 1.7
C50 1 3 0 1.0 1.5
C37 1 3 0 6.0 2.2 2.3 1.5 1.6
C37 1 2 0 2.0
C37 1 6 1 1.0
C37 1 6 0 1.3
C37 1 12 0 1.0
HG15 3 1 0 7.0 2.1 1.2 1.3 2.4 2.5
HG15 3 16 0 2.0
HG15 3 7 0 1.1 2.3
HG15 1 1 0 5.0 1.2 3.3 4.4 1.5 1.6 1.8 1.9
HG15 1 12 0 1.0
HG15 1 7 0 1.0
HG15 1 5 3 2.0
HG15 1 2 0 1.0
HG16 3 1 0 5.0 1.2
HG16 3 8 0 1.4
HG16 3 1 1 1.0
HG16 2 1 0 8.0 6.1 4.2 1.3 1.5
HG16 2 5.1 0 2.2 3.3 2.4 1.6
HG16 2 3 0 1.6
HG16 2 5.1 2 1.0
HG16 2 5.1 3 2.0
HG29 1 1 0 5.0
HG29 1 10 0 2.0
HG29 1 8 0 1.0
HG29 1 7 0 2.0 1.1
