H1 1   1  0  39.0  1.2  1.4
H1 1   1  1  2.0
H1 1   4  0  1.2
H1 1   2  0  11.0
H1 1   3  0  3.0  2.2  1.4
H1 5   1  0  11.0
H1 5   4  2  1.0
H1 5   25  0  2.0  4.3  1.4  1.5  1.6
H1 5   3  0  2.0  2.3
H1 5   25  2  5.0
H1 6   3  0  5.0  3.2  3.3  1.4
H1 6   2  0  1.0
H1 6   25  0  2.2  3.3
H1 6   4  0  1.3
H2 1   1  0  46.0  1.2  1.4
H2 1   4  0  1.2
H2 1   1  1  2.0
H2 1   2  0  11.0
H2 1   3  0  3.0  2.2  1.4
H2 4   1  0  9.0
H2 4   3  0  1.0  1.8
H2 4   2  0  1.2
H2 4   4  2  1.0
H2 4   25  0  2.2  2.3  1.5
H2 4   25  2  1.0
H2 3   1  1  1.0
H2 3   3  0  4.0  2.3  1.6  1.7
H2 3   1  0  1.0
H2 3   2  0  1.0
H2 3   25  0  1.0  1.2  2.5
H2 3   25  2  3.0
H55 1  1  0  3.0
H55 1  2  0  12.0
H55 1  4  1  1.0
H55 1  25  0  2.2  1.3
H55 1  25  2  1.0
H55 1  3  0  1.4
H35 6  1  0  2.0
H35 6  2  0  3.0
H35 6  7  0  2.2
H35 6  4  0  2.0
H35 4  2  0  4.0
H35 4  1  0  2.0
H35 5  1  0  1.0  1.3
H35 5  10  3  2.0
H35 5  7  0  1.2
H35 5  7  1  1.0
H35 5  7  3  2.0
H35 5  2  0  2.0
H4 1   1  0  2.0  1.2  1.5  1.7
H4 1   1  1  1.2  1.6  1.7
H4 1   2  0  1.0
H4 1   4  0  1.0
H4 1   3  0  2.0
H4 2   1  0  1.2
H4 2   1  1  1.0  1.3  1.6  1.8  1.9
H4 4   1  0  2.0  1.7
H4 4   1  2  1.7
H4 4   10  0  1.5  1.6
H4 6   1  0  4.0  2.2  1.4  1.7
H4 6   2  0  2.0  1.5
H4 6   3  0  3.0  2.3
H3 1   1  0  1.0  2.2  1.5  1.7
H3 1   2  0  1.3  1.7
H3 1   3  0  1.3
H3 3   1  0  3.0
H3 3   10  0  1.4  3.6
H3 3   10  3  1.0
H3 3   3  0  1.5  1.6
H3 3   1  1  2.7
H3 6   1  0  4.0
H3 6   2  0  1.0
H3 6   10  3  1.0
H3 6   10  0  1.5  2.6
H42 2  3  0  4.0  1.2  1.5  1.8
H42 2  4  0  1.0
H36 3  3  1  4.0
H36 3  3  0  1.8
H36 3  25  0  3.2
H36 3  2  0  1.0
H36 3  1  0  3.0
H36 3  25  2  1.0
H36 4  3  0  2.0  2.4  1.6  2.7
H36 4  25  3  1.0
H36 4  25  0  4.2  4.3  1.4
T8 2   3  0  3.0  1.8
T8 2   2  0  1.5
C31 1  3  0  2.3  1.5  1.9
C31 1  2  0  1.9
C31 2  0
C31 3  3  0  1.5  1.5
C31 3  2  0  1.2
C31 3  7  0  1.5
C31 5  3  0  2.0  1.8
C31 6  3  0  1.4  1.5  3.6
C32 2  0
C38 1  3  0  2.0  1.3  3.4
C28 2  3  0  1.2
C28 3  2  0  1.5
C28 4  0
C28 5  7  0  1.9
C28 6  4  0  1.3
C28 6  3  0  1.0
C28 6  25  0  1.3
C29 1  3  0  1.9
C29 1  10  0  6.0
C29 4  0
C29 5  0
C29 6  3  0  1.0  1.3
C29 6  2  0  1.0
C53 2  0
C30 6  2  0  3.0
C30 4  3  0  1.3  1.4
C30 1  3  0  1.0  1.2  1.8
C30 1  4  2  1.0
C30 1  2  0  1.0
C30 3  2  0  4.0  3.2
C30 3  3  0  1.2  1.5
C40 1  2  0  2.0  1.5
C41 1  3  0  1.2  1.3
C41 1  25  1  3.0
C41 1  25  0  1.2  1.3  3.4  1.5
L04 2  0
L04 10 1 0 2.0
L04 6  1 0 1.8
L04 7  5 0 1.6
L04 7  1 0 3.0
L04 9  1 0 2.0
H39 3  2 0 3.0 2.2
H39 3  1 0 2.0
H39 3  25 0 4.0 1.3 5.4 2.5 1.6
H39 3  25 0 5.0
H39 1  1 0 2.0
H39 1  2 0 2.0 1.7
H39 6  2 0 7.0 4.2
H39 6  25 0 4.2 4.3 5.4
H45 2  3 0 4.0 4.2 2.5
H45 2  25 0 1.2 1.4 1.5
H45 2  25 3 5.0
H46 2  1 0 6.0 3.2 1.3 1.4 1.5 1.7
H46 2  1 1 1.3 1.9
C24 2  1 0 1.8
C24 2  3 0 1.0
C24 1  3 0 1.5
C24 1  4 0 1.6
C24 1  1 0 1.0
C24 4  25 0 1.2 2.4 2.5
C24 4  4 0 1.4
C24 5  2 0 2.0
C24 5  4 2 2.0
C24 5  25 0 1.3 1.4 2.5 1.6
C24 5  25 2 3.0
C24 6  3 0 1.8
C24 6  25 0 1.0 1.3
C24 6  4 1 1.0
T01 1  3 0 2.0 2.3
T01 1  6 0 1.4
T01 1  1 0 1.3
T01 1  2 0 1.4
T01 1  4 0 1.0
T03 1  4 0 1.2 1.6
T03 1  2 0 1.0
H19 5  1 0 6.0
H19 2  1 0 10.0 2.4
H19 2  7 0 1.0 1.2 1.3
H19 2  4 3 1.0
H19 2  4 0 1.2 1.5 1.6 1.8
H18 1  4 0 1.4
H18 1  5 0 1.4
H18 1  1 0 59.0 1.2
H18 1  2 0 1.0 1.3
H18 1  1 1 2.0
H18 3  1 1 2.0
H18 3  1 0 32.0 3.4
H18 3  7 0 1.0 1.2 1.3 1.5
H18 3  4 0 1.2
H18 4  4 1 1.0
H18 4  1 1 1.2
H18 4  1 0 1.2 2.3
H18 4  4 0 6.0 2.2 3.3 4.4 1.5 1.6 1.7 1.9
H18 4  3 0 1.5
H18 4  2 0 1.0
H33 1  4 0 1.0 1.2
H33 1  1 0 1.0
H33 1  5 0 3.4 1.9
H33 1  2 0 1.0 1.2
H33 4  1 1 1.0
H33 4  1 0 2.0 1.3
H33 4  5 0 1.3
H33 4  4 0 1.7
H33 4  25 0 3.0 1.3 1.4
H33 4  25 3 2.0
H17 1  2 0 1.0
H17 1  7 0 1.0 1.2
H17 1  1 0 6.0 1.2
H17 2  25 0 1.0 1.3 1.4 2.5 1.6
H17 2  25 3 2.0
H17 2  1 0 11.0
H17 2  2 0 1.0
H17 2  7 0 1.4
H17 3  1 0 11.0 3.2 1.3
H17 3  4 1 1.0
H17 3  1 1 1.2 1.6
H17 3  25 0 1.2 2.4
H17 3  25 2 1.0
H17 5  1 0 6.0 1.3
H43 1  2 0 1.0
H43 1  25 0 1.3 2.4
H43 1  25 3 1.0
H34 2  2 0 4.0
H34 2  4 0 1.0 1.6
T06 1  3 0 1.0 1.3
T06 1  25 0 1.3
T06 1  4 3 1.0
T06 1  2 0 1.0
L05 2  1 0 1.0 1.3 1.4
L05 2  1 1 1.0
C35 1  3 0 1.0 1.8
C35 1  2 0 1.0 1.9
C35 4  2 0 1.0 1.3 1.4
C35 4  3 0 1.0 1.3 1.4 2.5
C35 3  3 0 11.0 1.2 1.3 2.4
T07 2  0
C34 1  2 0 1.0 1.3
C34 1  7 0 1.0 1.8
C34 6  7 0 1.9
C34 5  4 0 2.2
C34 5  25 2 1.0
C34 5  2 0 1.2
C33 6  1 1 1.9
C33 6  2 0 3.0
C33 6  1 0 9.0 1.4
C33 6  3 0 1.5
C33 1  3 0 1.5 1.6
C33 3  3 0 1.0
C33 2  1 0 1.0 1.3
C33 2  3 0 2.0
C33 2  1 1 1.0
C36 4  2 0 1.0
C36 2  2 0 2.0
C36 2  4 2 1.0
C36 1  4 3 4.0
C36 1  4 1 1.0
C47 2  4 0 1.3
C47 2  3 0 1.5
C47 2  2 0 2.0
C47 2  4 1 1.0
C48 1  7 0 1.9
C48 2  2 0 1.9
L03 6  2 0 1.0 1.2 1.7
L03 6  1 0 1.9
L03 12 1 0 1.7 1.8
L03 12 2 0 2.0 1.9
L06 1  1 1 1.0
L06 1  4 0 1.2
L06 1  1 0 1.3
L06 1  2 0 1.0
C27 4  7 0 1.7
C27 4  4 1 1.0
C27 4  2 0 1.6 1.9
C27 1  5 0 1.9
C27 3  2 0 1.4
C27 3  7 0 1.2 2.4
C27 2  2 0 6.0
T05 2  2 0 2.0
C46 1  7 0 1.3
C46 2  0
C26 3  2 0 1.0
C26 4  2 0 1.6
C26 4  7 0 1.4
C26 1  2 0 1.0 1.3
L07 2  0
C25 2  2 0 1.0 1.2
C25 2  3 0 3.0 1.3 2.5
C25 1  4 0 1.3 1.9
C25 1  7 0 1.6
T04 1  3 0 1.0
T04 1  4 0 1.3 1.7
L01 1  1 0 4.0 1.8
L01 5  1 0 2.0
L02 1  1 0 2.0
L02 1  2 0 1.0
L02 2  1 0 3.0
L02 5  1 0 2.0
L02 5  9 0 1.7
L01 2  1 0 1.3 1.6
L01 3  1 0 2.3
L02 8  1 0 2.0 1.2 2.3 1.4 1.5 1.6 1.8
L02 8  1 1 1.0
L10 1  4 1 1.0
C23 4  1 0 4.0
C23 4  7 0 1.8
C23 4  3 0 1.0
C23 1  8 0 1.8
C23 1  1 0 1.6 1.7
C23 1  1 1 1.0
C22 2  2 0 2.0
C22 2  3 0 1.2
C22 6  7 0 1.9
C22 6  1 0 3.0
C22 4  3 0 1.0 1.4
C22 4  1 0 2.0
C22 4  3 2 4.0
C44 1  1 0 4.0
C44 1  3 0 1.3
C44 2  25 0 2.2
C44 2  25 2 1.0
C44 2  3 0 2.0 2.2 1.3
C55 5  4 0 1.2
C55 5  5 0 1.3
C55 5  7 0 1.4
C55 2  8 0 1.8
C55 1  0
C54 6  25 0 2.0 1.2 1.3
C54 6  25 3 3.0
C54 6  4 0 1.7
C54 6  8 0 1.5
C54 5  3 0 1.0 1.9
C54 5  4 0 1.8
C54 1  3 0 2.0 2.3
C54 1  4 0 1.2 2.5 1.6
C54 1  2 0 1.0
C54 4  25 0 2.2 1.6
C54 4  2 0 1.5 1.7
T14 2  3 0 1.0 1.2
T14 2  1 0 2.0 1.2 2.3
T13 1  1 0 6.0 2.2 1.4
T13 1  2 0 2.0
T13 1  4 0 1.2 1.5
T13 1  4 2 3.0
T13 1  3 0 2.0 1.2
H32 1  25 0 2.2 3.3 5.4 3.5 1.6
H32 1  1 1 1.0 1.5
H32 1  3 0 1.3 1.4
H32 1  7 0 1.1
H32 1  1 0 1.2 1.4
H32 1  25 2 1.0
H32 1  25 3 3.0
H51 1  2 0 3.0
H51 1  4 3 4.0
H51 1  8 0 1.2
H51 1  1 1 1.0
H51 1  1 0 1.0
H51 1  4 2 1.0
H51 1  4 0 1.3 1.6
H50 1  4 2 2.0
H50 1  2 0 8.0 1.2
H50 1  4 0 6.0 1.2
H50 1  4 1 1.0
H50 1  1 0 2.0 1.3
H50 1  26 0 1.4
H50 1  1 1 1.0
H50 1  3 0 2.0
H6 3   5 0 1.3
H6 3   6 2 1.0
H6 3   1 0 8.0
H6 3   3 0 1.9
H6 4   3 0 3.0 1.7
H6 4   1 0 17.0 1.2 1.3 1.4
H6 4   1 1 1.0
H6 7   1 0 2.0 1.5 1.7
H6 7   5 3 2.0
H6 7   3 0 2.0 1.3 1.6
H7 1   1 0 4.0 2.2
H7 1   26 1 1.1 2.2
H7 1   3 0 1.0 1.3
H7 1   2 0 1.0
H7 1   26 3 10.0
H7 1   26 2 1.0 1.1
H7 1   26 0 1.1
H7 1   3 2 1.0
H7 1   3 3 1.0
H7 3   26 0 4.0 4.1 6.2 1.3 3.4
H7 3   26 2 1.0 1.3
H7 3   1 0 7.0 1.2 2.3 1.5
H7 3   9 0 1.9
H7 3   7 0 1.2 2.3
H7 3   26 3 3.0
H7 3   6 0 1.2
H7 5   1 0 10.0 1.1 1.2 1.3 2.4
H7 5   2 0 1.2
H7 5   3 0 3.0 1.3 1.7
H7 5   1 1 1.0 2.4
H7 5   1 2 2.5 1.8
H7 5   7 0 2.5
H7 5   8 0 1.2
H7 7   1 0 31.0 1.2 1.5
H7 7   1 1 3.0
H7 7   2 0 2.0 2.2
H15 3  1 0 2.0 2.2 2.5 1.7 1.9
H15 3  1 2 1.8 1.9
H15 1  1 0 2.0 1.3 1.5 1.7
H15 1  2 0 1.2
H15 1  1 2 1.6 1.7
H15 1  1 1 2.5 1.7
H16 3  1 0 1.0 1.2 1.3 2.4
H16 3  8 0 1.8
H16 2  1 0 2.0 3.1 2.2 2.3 1.5
H16 2  1 1 1.1 2.2 2.3 1.4
H16 2  1 2 2.6
H16 2  3 0 1.9
H16 2  5 0 1.3 1.5 1.8
H16 2  2 0 1.0
H31 2  1 0 2.0 1.1 3.2 1.3 1.5 1.7
H31 2  3 0 2.0 2.3
H31 2  1 1 1.1 1.2 1.3 1.4 1.6
H31 2  7 0 1.2
H31 1  1 0 9.0 2.1 10.2 3.3 1.4
H31 1  1 1 1.0 1.2 3.3 1.6
H31 1  3 0 1.0
H30 4  5 0 1.6
H30 4  1 0 1.0
H30 4  1 1 1.8
H30 4  5 3 1.0
H47 2  4 0 2.0 1.2 1.3
H47 2  1 0 3.0
H47 2  2 0 1.0 1.3
H48 2  4 1 2.0
H48 2  2 0 7.0
H48 2  1 0 5.0
H38 1  1 0 18.0 2.2 1.3 1.5
H38 1  4 2 3.0
H38 1  1 1 1.6
H38 1  2 0 2.0
H38 3  26 0 1.1 1.2
H38 3  1 0 3.0 2.2 4.3 1.4 1.7
H38 3  1 1 1.0 1.4 1.7
H38 3  6 0 1.1 1.6
H37 4  1 0 5.0 1.2 2.4 1.7
H37 4  1 1 1.7
H37 4  6 0 1.1
H37 2  1 0 3.0 1.2 2.4
H37 2  3 0 1.4
H49 2  1 0 2.0
H21 1  1 0 2.0 2.2 1.4 1.7 1.9
H20 5  1 0 2.2 1.3 2.5
H20 5  1 2 1.7
H20 5  6 0 1.3
H21 2  1 0 1.0 1.2 1.5 1.8
H21 2  1 1 1.2
H21 2  1 2 1.9
H20 3  1 0 1.2 2.3 1.4 2.5 1.6 1.7 3.8
H20 3  1 2 1.5 1.6 2.7 2.8
H20 3  1 1 2.4 1.5 1.6 2.7 2.8
H20 2  2 0 1.0
H20 2  1 0 1.0 1.4
H20 2  1 1 1.0
H20 1  1 0 1.0 1.5 1.6 1.7
H20 1  10 0 1.5
H20 1  1 1 1.7 1.8
C20 5  1 0 3.0
C20 5  1 1 1.0
C20 4  3 0 1.2 1.4 2.5
C20 4  8 0 1.3
C20 4  1 0 6.0 1.2
C20 4  4 0 1.6
C20 3  3 0 2.5
C20 3  8 0 1.7 1.8
C20 3  1 0 2.0
C20 1  4 0 1.5 1.7
C20 1  3 0 2.0 1.4 1.5
C20 1  1 0 1.0
C20 1  7 0 1.2
C21 2  3 0 1.2 1.3 1.4 1.5 3.6 2.7
C21 2  3 0 1.4
C19 4  5 0 1.9
C19 4  7 0 2.3
C19 3  2 0 1.6
C19 3  1 1 1.3 1.4
C19 3  25 0 1.2
C19 2  1 1 1.3 1.4
C19 2  7 0 1.3 1.5
C19 2  1 0 2.2 2.3
C19 2  3 0 1.5
C19 1  1 0 4.0 1.1 1.2
C19 1  7 0 3.2 3.4
C18 6  7 0 1.2
C18 6  5 0 1.4
C18 3  1 0 2.0 3.3
C18 3  1 1 1.0
C18 1  7 0 1.1 4.2 1.3 1.4
C18 1  1 1 1.0
C18 1  1 0 1.3
C17 1  25 0 1.2 2.3 3.4 1.6
C17 1  1 1 1.3
C17 1  7 0 1.2
C17 2  1 1 2.0
C17 2  1 0 1.0 1.3 2.4
H29 1  1 0 16.0 3.1 3.2 1.3 1.4
H29 1  1 1 3.0 1.2 1.3 2.5
H28 1  1 0 39.0 1.1 2.2 1.4 1.5
H28 1  1 1 4.0 1.3 1.4
H28 1  7 0 1.2
H28 1  1 2 2.0 1.3
H28 3  1 0 22.0 1.2
H28 3  1 1 2.0 1.3
H28 3  1 2 1.4
C10 1  1 0 8.0
C10 1  1 1 6.0
C10 1  7 0 1.8
C10 1  2 0 1.0
C10 2  1 0 18.0 2.1 5.2 2.3
C10 2  1 1 4.0 2.1
C10 2  5 0 1.4
C10 4  1 0 9.0 1.2
C10 4  1 1 2.0
C10 5  1 0 10.0 1.1 1.2
C10 5  1 1 3.0
C10 5  3 0 1.0
C10 5  7 0 1.8
C10 6  1 0 5.0
C10 6  3 0 1.0
C10 6  7 0 1.8
C12 3  2 0 2.0
C12 2  3 0 1.3 3.4 2.5 2.6 1.7
C11 1  3 0 1.5
C11 1  7 0 1.5
C11 4  5 0 1.6
C11 2  2 0 5.0
C11 2  1 0 5.0
C11 2  3 0 4.0
T11 2  1 0 3.0 1.1 5.2 2.3 2.4
T11 2  1 1 1.3
C9 1   1 0 1.0
C9 1   2 0 1.0
C9 1   7 0 1.8
C9 3   1 0 7.0
C9 7   1 0 2.0
C9 7   1 1 1.0
C49 1  2 0 3.0
C49 1  12 0 1.5
C49 2  2 0 3.0
C49 2  1 0 4.0
C49 2  3 0 1.0
C50 1  2 0 1.0
C50 1  4 0 1.0
C50 1  3 0 3.2 1.7
C37 1  3 0 1.2 1.5 1.7 2.8
C37 2  5 0 1.3 1.5
C37 2  7 0 1.3
C37 2  1 0 1.0
T9 2   1 0 3.0
T9 2   2 0 3.0
H54 1  1 0 5.0 1.3
H54 1  8 0 1.6
H54 1  3 0 1.2
H27 1  5 0 1.3 1.7 1.9
H27 1  6 0 1.0 2.2
H27 1  26 0 1.2 1.5
H27 1  7 0 1.2
H27 1  1 0 2.0 1.3
H27 1  10 0 1.1 3.3
H27 1  4 0 1.0
H27 4  5 0 1.6
H27 4  1 0 1.0
H27 4  1 1 1.0
H12 1  1 0 11.0 1.4 1.5
H12 1  4 1 4.0
H12 1  4 2 1.0
H12 1  2 0 1.0
H12 1  7 0 5.1 1.2
H12 7  1 0 17.0 1.3 1.5
H12 7  3 0 1.0 7 0 3.1 2.2
H12 7  1 1 1.7 1.8
H12 7  1 2 1.8
H12 4  1 0 1.0 1.2 1.4 1.9
H12 4  1 1 1.0 1.3 1.4
H12 4  6 0 1.3
H12 4  5 0 1.0
H12 4  1 2 1.3 1.4 1.5
H11 8  1 0 24.0 1.1 1.2 1.3 2.4
H11 8  1 1 3.0 1.1 1.2
H11 8  1 2 1.6 1.7 1.9
H11 8  3 0 1.6 1.8
H11 3  9 0 2.2 2.3 2.4 2.5 1.8
H11 3  4 0 1.1
H11 3  1 2 1.8 1.9
H11 3  8 0 1.0 5.1 3.2 1.3
H11 3  2 0 2.0 1.3
H11 3  1 0 7.0 1.2 1.3
H11 3  10 0 1.3
H11 3  7 0 1.1
H11 3  1 1 2.0 1.8
H11 1  12 0 2.1 2.2 2.3 2.4 2.5
H11 1  8 0 2.1 3.2 1.4 1.5 1.7
H11 1  9 0 1.2
H11 2  12 0 1.2
H11 2  3 0 2.0 1.2 2.3 2.6
H11 5  8 0 1.2 1.5
H11 5  3 0 2.0 1.2 1.7 1.8
C7 1   3 0 1.0 1.2 3.3 1.9
C7 1   1 0 1.0
C7 2   7 0 1.9
C7 2   3 0 1.3 2.5
C7 2   2 0 1.7
C7 4   1 0 18.0 1.2
C7 4   2 0 3.0
C7 4   3 0 1.0
C7 5   1 0 7.0
C7 5   2 0 1.0
C7 5   3 0 1.0 1.7
C7 8   3 0 1.6
C7 8   2 0 3.0 1.2 1.7
C7 8   1 0 10.0 4.2
C7 8   1 1 2.0 1.2
C8 1   2 0 4.0 1.4
C8 1   8 0 1.3 1.8
C8 1   3 0 2.2 1.4
C8 1   1 0 3.0
C8 2   2 0 2.0
C8 2   3 0 4.0 1.2 1.3 1.5
C8 2   7 0 1.5
C8 3   1 0 1.0 1.2
C8 3   2 0 1.0 1.6
C8 3   1 1 1.0
C8 3   7 0 2.3
C8 3   3 0 2.3 1.4
C8 6   2 0 4.0
C8 6   1 1 3.0
C8 6   3 0 1.5
C8 6   1 0 3.0
C8 4   3 0 1.0 2.3
C8 4   1 0 14.0
C8 4   2 0 5.0
C8 4   8 0 1.6
C8 4   1 1 3.0
C8 8   2 0 3.0
C8 8   3 0 1.0
C8 8   7 0 1.5 1.9
C2 3   2 0 1.0
C2 3   7 0 1.3 1.9
C2 3   3 0 1.0 1.5
C2 1   0 0 0
C2 2   0 0 0
C1 3   7 0 1.6 1.7
C1 3   1 0 3.0
C1 3   2 0 1.0
C1 1   1 0 1.0 1.2
C1 1   1 1 1.0
H22 1  7 0 2.2 3.3
H22 1  4 0 1.2 1.9
H22 1  1 0 11.0 1.2
H22 1  1 1 2.0
H22 1  3 0 1.3 1.6
H22 3  1 0 12.0
H22 3  1 1 2.0
H22 3  4 2 1.0
H22 4  1 0 28.0 1.1 1.2
H22 4  1 1 19.0
H22 4  2 0 1.0
H25 1  8 0 1.1
H25 1  3 0 2.0 1.3
H25 1  4 0 1.3
H25 1  1 1 1.3 1.5
H25 1  1 0 1.0 2.2 4.3 1.4
H25 1  2 0 5.0
H25 1  3 2 1.0
H25 5  7 0 1.1
H25 5  1 1 10.0
H25 5  4 0 1.0
H25 5  1 0 7.0
H23 1  1 2 2.2
H23 1  1 0 3.0
H23 1  1 1 3.0
H23 2  5 0 1.9
H23 2  1 2 1.0
H23 2  4 0 1.8
H23 4  8 0 1.5
H23 4  1 2 1.9
H23 4  1 0 4.0
H23 4  4 2 2.0
H23 4  9 0 1.5 1.7
H23 4  6 0 1.8
H23 4  5 0 1.7
H23 7  9 0 1.3
H23 7  1 0 7.0 1.1 1.2 1.3 1.4
H23 7  4 0 3.0
H23 7  1 1 3.0 1.1
H23 7  4 1 1.0
H24 3  1 0 15.0 1.2 1.4
H24 3  1 1 4.0 1.2 1.7
H24 3  3 0 2.4 2.5
H24 2  1 2 2.6
H24 2  1 0 18.0 1.1 1.2
H24 2  1 1 1.4 1.5 1.7
H24 6  1 0 2.0
H24 6  1 1 2.0 1.5 1.8
H24 6  3 0 1.9
H24 6  7 0 1.3 2.6
H24 6  4 0 1.6
C52 1  2 0 1.0 1.2 1.3 1.5
C52 1  7 0 3.5
C52 1  4 2 1.0
C52 1  6 0 1.9
H13 2  7 0 1.4
H13 2  5 0 1.2
H13 2  3 0 1.3
H13 2  1 1 1.2
H13 1  12 0 1.1 2.2 1.3
H13 1  1 0 1.0
H13 4  3 0 1.0 1.2 1.3 2.6 1.9
H13 4  4 0 1.3
H13 4  5 0 1.4
H13 3  8 0 1.0 2.2 1.3 1.4
H13 3  2 0 1.0
H13 3  1 0 1.0
H13 6  1 0 6.0
H13 6  4 2 2.0
H13 6  3 0 1.0
H13 6  1 1 2.0
H14 1  1 0 1.0
H14 1  12 0 1.8
H14 1  16 0 1.3
H14 5  3 0 1.0
H14 5  1 0 1.0
H10 1  13 0 1.2 2.4 1.5 2.6 2.8 2.9
H10 1  8 0 1.1 1.2
H10 1  5 0 1.3
H10 1  7 0 1.2
H10 2  3 0 1.2 1.6
H10 2  13 0 2.1 1.2 2.3 1.4 1.5 3.7
H10 2  8 0 1.1 1.2
H10 2  5 0 1.7
H10 2  1 1 1.3
H9 2   13 0 1.1 1.4
H9 2   8 0 2.1 2.2 2.3 1.4 1.8
H9 2   3 0 1.2 1.6
H9 2   4 2 1.0
H9 5   7 0 2.3 1.6
H9 5   8 0 1.4
H9 5   9 0 1.4 1.7
H10 6  13 0 1.2 1.5
H10 6  1 0 3.0 1.1 1.4
H10 6  7 0 1.0 2.1
H10 6  5 0 1.7 2.9
H10 6  3 0 1.2
H8 7   1 0 7.0 1.3
H8 7   13 0 1.7
H8 7   1 1 1.0
H8 6   1 0 33.0
H8 6   1 1 6.0
H8 8   5 0 1.5 1.6
H8 8   3 0 1.6 1.7
H8 8   1 0 1.0
H8 5   1 0 10.0 2.1 1.2 1.5
H8 5   1 1 1.0
H8 4   1 0 14.0
H8 4   9 0 1.6
H8 4   7 0 1.5
H8 4   1 1 8.0 1.4
H8 1   1 0 1.2 1.4 1.7
H8 1   13 0 1.5
H8 1   1 1 2.0 1.2 1.4
H8 1   3 0 1.2
H8 1   4 1 1.0
C4 2   3 0 1.5 1.7
C4 2   1 0 3.0
C4 1   7 0 1.4
C4 1   3 0 2.2 2.5 1.7
C4 3   3 0 1.0 1.6 2.8
C4 4   3 0 1.0 1.3 1.4 1.6
C4 4   2 0 1.0
C4 4   1 0 1.1
C4 6   3 0 1.0 1.4 1.8
C4 6   1 0 2.0 1.8
C4 6   1 1 1.0
C3 5   1 1 1.0
C3 5   3 0 2.0 1.6 2.8
C3 5   26 0 1.1 1.2
C3 5   1 0 1.0 1.2
C3 2   0 0 0
C3 1   3 0 2.6 1.7 2.8
C6 3   3 0 1.0 1.2 1.3 1.4 2.5 1.7 1.9
C5 2   3 0 1.2
C5 2   1 0 29.0
C5 2   1 1 5.0 1.2
C5 1   1 0 20.0 1.1
C5 1   3 0 1.0
L8 1   1 0 6.0
L8 1   1 1 10.0
C13 3  7 0 1.3 1.5
C13 2  0 0 0
C13 4  7 0 2.2 1.3
C13 4  3 0 1.5
C13 6  2 0 1.0
C13 6  7 0 1.4 1.8
C13 6  1 0 1.0
L9 2   1 0 17.0 1.1 9.2
L9 2   1 1 5.0 1.1
C16 1  0 0 0
C16 3  7 0 1.6 1.8
C15 2  7 0 1.5
C15 2  2 0 1.3
C15 3  7 0 1.1 2.2
C15 3  5 0 1.9
C15 3  1 0 1.0
C15 5  5 0 1.7
C15 5  1 0 1.0 1.2 1.3 1.6
C15 6  1 1 1.0
C15 6  5 0 1.7
C15 6  7 0 1.2
C15 6  1 0 2.0
C14 1  5 0 1.9
C14 1  1 0 1.0
C14 1  7 0 1.2 1.5
C14 2  1 0 1.0
C14 2  1 0 1.0
C14 4  1 1 1.0
C14 4  7 0 1.1 1.5 1.7 1.9
C14 4  1 0 3.0
C14 6  7 0 1.1
C14 6  1 1 1.0
C14 6  1 0 3.0
C14 6  2 0 1.6
C14 6  2 0 1.6
H10 3  1 1 1.4
H10 3  3 0 1.2
H10 3  7 0 2.1 1.2 2.3
H10 3  13 0 1.6 3.7 2.8
H10 3  1 0 2.1 1.2
H11 4  7 0 2.1 2.2 1.5
H11 4  3 0 1.4 2.5 1.6
H11 4  1 0 17.0
H11 4  1 1 8.0
H11 4  2 0 4.0
H11 4  4 1 1.0
T10 1  1 1 1.0
T10 1  2 0 2.0
T10 1  3 0 1.0
T10 1  3 1 1.0
C51 2  2 0 1.0
C51 2  3 1 1.0
C51 2  3 0 2.2 1.7
H52 2  1 0 7.0
H52 2  1 1 3.0
H52 2  3 2 2.0
C14 5  1 0 4.0
C14 5  1 1 1.0
C15 7  1 0 9.0 1.1 3.2
C15 7  1 1 1.0
C16 5  1 0 2.0 1.2
L8 6   1 0 11.0
L8 6   1 1 4.0
H8 2   1 0 3.0 1.2 2.4 1.5
H8 2   7 1 1.1
H8 2   3 0 1.2 1.4
H8 2   2 0 1.2
H8 2   1 1 3.0 1.1
H9 3   8 0 1.2 1.3
H9 3   13 0 2.2 1.4 1.6 1.7 2.9
H9 3   26 0 1.3
H9 3   3 2 1.0
H9 3   7 0 1.1 1.5 1.6
H9 3   12 0 1.2
C53 1  1 1 1.1
C53 1  3 2 1.0
C53 1  2 0 1.0
C53 2  4 3 1.0
C53 2  4 2 1.1
C53 2  3 0 2.0
