4D1 1  1 1.2 1.4 1.5 1.7 3.8                                                    
4D1 8  0 1.6 1.9                                                                
4D1 9  1 1.8                                                                    
4D1 16 1 1.6 1.7                                                                
4D1 12 0 1.4 1.5 2.6 2.8 3.9                                                    
4D1 1  0 2.2 1.4 1.5 1.6 1.7 1.8                                                
4D1 3  0 1.3 3.5 1.6                                                            
4D1 5  0 1.8                                                                    
4D1 9  0 1.5                                                                    
4D1 5  1 1.7 1.8                                                                
4D1 12 1 1.4 1.5 1.7                                                            
4D2  3 0 9.2 4.3 1.4 2.5 1.9                                                    
4D2  8 0 1.2 4.4 1.5 3.7 1.8 1.9                                                
4D2  7 0 2.3 1.4                                                                
4D2 12 0 1.2 1.6                                                                
4D2  1 1 1.7                                                                    
4D2 26 0 1.2                                                                    
4D3 7  0 2.2 1.3 1.6 1.9                                                        
4D3 9  0 1.3                                                                    
4D3 12 1 2.2 2.4                                                                
4D3 7  1 1.2 1.9                                                                
4D3 3  0 1.8                                                                    
4D3 8  0 2.4 2.5 1.6 1.7                                                        
4D4 3  0 11.2 6.3 6.4 2.5 1.6 6.8 5.9                                           
4D4 5  0 1.5 1.6 1.7                                                            
4D4 7  0 2.4 2.7                                                                
4D4 8  0 1.5 1.8                                                                
4D4 3  1 1.3 2.4 1.6 1.8                                                        
4D4 10 1 1.9                                                                    
4D4 6  0 1.4                                                                    
5D1 3  0 22.2 14.3 9.4 7.5 1.6 2.8                                              
5D1 3  1 1.2                                                                    
5D1 7  0 1.2 1.6 1.7                                                            
5D1 5  0 1.4 1.5 1.8                                                            
5D1 7  1 1.2 1.6                                                                
5D1 12  0 1.9                                                                   
5D2 7  0 2.2 1.3 1.6 1.8 1.9                                                    
5D2 12 0 2.2                                                                    
5D2 7  1 1.5                                                                    
5D2 3  0 1.2                                                                    
5D2 1  0 1.2                                                                    
5D3 3  0 6.2 3.3 4.4 3.5                                                        
5D3 7  0 1.5 1.9                                                                
5D3 7  1 1.2 1.5                                                                
5J1 7  0 2.2 2.3 5.4 1.5 3.6                                                    
5D4 7  0 2.2 3.3 2.4 3.5 1.6 5.7 2.8 1.9                                        
5D4 3  0 1.2 1.3                                                                
5D4 7  1 1.3 1.4 1.6 2.7                                                        
5D4 7  1 1.3 1.4 1.6 2.7                                                        
5D4 12 1 1.4                                                                    
5D4 3  1 1.3 1.5                                                                
5D4 16 1 1.2                                                                    
3E1 10 0 1.8                                                                    
3E1 7  0 1.2 1.6                                                                
3E1 1  0 1.8                                                                    
3E1 16 1 3.2 1.3 1.4 1.5                                                        
3E1 10 1 1.4                                                                    
3E1 16 0 1.4 1.5 1.9                                                            
3E2 3  0 1.2 1.3 1.4 1.6 1.8                                                    
3E2 2  0 1.2 2.3 3.4                                                            
3E2 12 0 1.4 1.5                                                                
3E2 7  0 1.2 1.6                                                                
3E2 8  0 1.3                                                                    
3E2 4  0 1.8 1.9                                                                
3E2 12 1 1.2 1.3                                                                
3E3 6  0 1.3                                                                    
3E3 3  0 1.3 1.5 2.9                                                            
3E3 12 0 1.6                                                                    
3E3 14 0 1.9                                                                    
3E4 3  0 2.2 1.3 1.4 2.5 1.8                                                    
3E4 5  0 1.4 1.8                                                                
3E4 7  1 3.2 1.3 1.6                                                            
3E4 12 1 1.2 1.4 2.5 2.6                                                        
3E4 12 0 1.2 2.4 4.6 2.7                                                        
3E4 7  0 1.5 1.6 1.8                                                            
4E1 7  0 3.2 2.3 1.6 1.7 1.8 2.9                                                
4E1 3  0 2.2 1.3                                                                
4E1 7  1 3.2 2.3                                                                
4E1 8  0 1.3 1.8                                                                
4E1 2  0 1.2 1.3 1.5 1.7 1.9                                                    
4E1 5  0 1.5 1.9                                                                
4E2 7  0 1.3 1.5 1.8                                                            
4E2 3  0 7.2 5.3 1.4 3.5 1.7                                                    
4E2 3  1 1.2 1.3                                                                
4E2 6  0 1.2 1.6                                                                
4E2 8  0 1.2 1.4 2.5 1.7                                                        
4E2 1  1 1.8                                                                    
4E2 7  1 1.2                                                                    
4E2 5  0 1.2                                                                    
4E3 7  0 8.2 3.3 3.4 2.5 2.6 2.7 1.8                                            
4E3 7  1 1.2 1.3                                                                
4E3 12 0 1.2                                                                    
4E3 5  0 1.3 1.4 1.5 1.6 1.9                                                    
4E3 3  0 1.2 1.3 1.6 1.7                                                        
4E3 1  0 1.6                                                                    
4E3 8  0 1.5 1.7                                                                
4E3 8  1 1.9                                                                    
4E4 1  0 3.2 2.3 4.5 3.6 1.7 1.8 1.9                                            
5E1 7  0 2.5 2.6 1.8                                                            
5E1 7  1 5.2 1.4                                                                
5E1 1  0 3.2 1.3 1.4 1.5                                                        
5E1 1  1 1.2 1.3                                                                
5E1 4  0 1.2 1.4 1.5 2.6 1.7 1.8 2.9                                            
5E1 3  0 1.2 2.3 4.4 2.5 1.6 3.8                                                
5E1 3  1 1.2 3.3                                                                
5E2 12 0 9.2 3.3                                                                
5E2 8  0 1.2 1.5 1.6 1.7                                                        
5E2 3  0 5.2 2.3 1.4 1.8                                                        
5E2 5  0 1.4                                                                    
5E2 4  0 1.5                                                                    
5E2 6  0 1.2                                                                    
5E2 1  0 1.2                                                                    
5E3 8  0 1.2 1.3 1.4                                                            
5E3 7  0 4.2 5.3 6.4 3.5 2.6 1.7 1.9                                            
5E3 7  1 5.2 2.3 2.4 1.5 1.6                                                    
5E3 3  0 3.3 1.5                                                                
5E3 1  0 1.3                                                                    
5E3 1  1 2.5                                                                    
5E3 3  1 1.2                                                                    
5E3 6  0 1.5 2.9                                                                
5E4 3  0 1.2 3.3 3.4 1.5                                                        
5E4 7  1 1.7                                                                    
5E4 7  0 1.2 6.3 1.5 1.8 3.8                                                    
5E4 5  0 1.3                                                                    
5E4 8  0 1.5                                                                    
3F1 3  0 8.2 3.3 1.5                                                            
3F1 8  0 1.8                                                                    
3F1 2  0 1.3                                                                    
3F1 29 1 1.2                                                                    
3F1 1  1 1.3                                                                    
3F2 12 0 6.2 5.3 3.4 2.6 1.7                                                    
3F2 7  0 1.2 2.3 2.4                                                            
3F2 3  0 6.2 11.3 4.4 4.5 1.6 1.7                                               
3F2 12 1 3.2 1.4 1.5                                                            
3F2 10 1 1.8                                                                    
3F2 7  1 1.2                                                                    
3F3 7  0 2.2 3.3 2.5 1.7                                                        
3F3 7  1 1.2                                                                    
3F3 10 1 1.8                                                                    
3F4 5  0 1.3 2.4 1.5 1.6 1.7                                                    
3F4 5  1 2.2 1.3                                                                
3F4 12 0 1.3 1.4 1.5                                                            
3F4 7  0 1.3 1.6                                                                
3F4 10 1 1.5                                                                    
3F4 3  0 1.2 1.3                                                                
3F4 4  0 1.8                                                                    
4F1 7  0 1.2                                                                    
4F1 1  0 2.6                                                                    
4F1 10 0 1.5 1.6                                                                
4F2 16 0 1.6                                                                    
4F2 1  0 1.6 1.9                                                                
4F2 10 0 2.4                                                                    
4F2 5  0 1.2                                                                    
4F3 7  0 1.3 2.4 2.5 2.7 1.8 1.9                                                
4F3 7  1 2.2                                                                    
4F3 5  0 2.5 1.8 1.9                                                            
4F3 1  0 1.6                                                                    
4F3 3  0 1.4                                                                    
4F4 5  0 2.2 1.3                                                                
5F1 3  0 6.2 8.3 8.4 4.5 3.6                                                    
5F1 5  0 7.2                                                                    
5F1 1  1 1.5                                                                    
5F2 4  1 1.8 1.9                                                                
5F2 4  0 1.2 1.5 1.6                                                            
5F2 1 1 1.9                                                                     
5F3 7  1 2.2 3.3                                                                
5F3 5  0 1.3 2.5 2.6 1.7                                                        
5F3 10 0 1.8                                                                    
5F3 3  0 1.2 2.3 2.4                                                            
5F3 2  0 1.9                                                                    
5F3 7  0 3.2 1.3 1.4 1.5                                                        
5F3 6  0 1.8                                                                    
5F3 5  1 1.4                                                                    
5F3 1  1 2.5                                                                    
5F4 3  0 7.2 5.3 2.4 1.5                                                        
5F4 2  0 1.4                                                                    
5F4 1  1 1.5                                                                    
5F4 5  0 1.4                                                                    
5F4 7  0 1.3 1.4                                                                
5F4 6  0 1.8                                                                    
3G1 7  1 1.2                                                                    
3G1 7  0 1.5 1.7 1.9                                                            
3G1 3  0 2.2 3.4 3.6 1.8 1.9                                                    
3G1 6  1 2.4                                                                    
3G1 4  0 2.2 1.3 1.5 1.7                                                        
3G1 2  0 1.3 1.4 1.6                                                            
3G1 3  1 1.7                                                                    
3G1 5  1 1.6                                                                    
3G1 5  0 1.9                                                                    
3G1 8  0 1.3                                                                    
3G2 6  1 1.7                                                                    
3G2 6  0 1.6 1.9                                                                
3G2 3  0 7.2 5.3 4.4 2.5 2.6 2.7                                                
3G2 8  0 1.3 1.4 2.7                                                            
3G2 1  1 1.8                                                                    
3G2 7  0 1.2 1.3 1.6 1.7 1.8 1.9                                                
3G2 7  1 2.3                                                                    
3G2 5  1 1.9                                                                    
3G3 3  1 1.5 1.6                                                                
3G3 5  0 1.9                                                                    
3G3 7  1 1.4 1.6                                                                
3G3 7  0 1.3                                                                    
3G3 3  0 2.2 1.3 2.4                                                            
3G3 8  0 2.3 1.5                                                                
3G3 5  1 1.8 1.9                                                                
3G3 25 0 2.3 1.4                                                                
3G4 7  0 1.3 6.4 6.5 4.6 1.8 2.9                                                
3G4 4  0 1.2 1.6 1.9                                                            
3G4 8  0 2.3 1.9                                                                
3G4 12 1 1.5                                                                    
3G4 3  0 1.2 3.3                                                                
3G4 7  0 1.2 2.4 0.5 1.6                                                        
3G4 5  0 0.4 1.5 0.6 1.7                                                        
3G4 2  0 1.3                                                                    
3G4 8  0 1.5                                                                    
4G1 1  0 9.2 2.3 1.4 1.6                                                        
4G1 8  0 1.4 1.5                                                                
4G1 6  0 1.3 1.6                                                                
4G1 7  0 5.2 1.5 3.9                                                            
4G1 4  0 1.3 1.9                                                                
4G1 3  0 9.2 4.3 1.5 3.6 2.7 2.9                                                
4G1 5  0 1.3                                                                    
4G1 2  0 2.2 1.6                                                                
4G1 6  1 1.2                                                                    
4G1 7  1 1.2 1.6 1.8                                                            
4G1 3  1 1.5                                                                    
4G1 1  1 1.4                                                                    
4G2 1  0 6.2 6.3 1.5                                                            
4G2 7  0 6.2 1.4 1.5 1.7                                                        
4G2 6  0 1.3                                                                    
4G2 8  0 2.4 1.9                                                                
4G2 5  0 1.2 1.5 1.6 1.7                                                        
4G2 5  1 2.2                                                                    
4G3 7  1 1.4 2.5 1.6 2.8                                                        
4G3 5  0 1.8 1.9                                                                
4G3 5  1 1.4                                                                    
4G3 7  0 2.6 1.7 2.8                                                            
4G3 6  1 1.6                                                                    
4G3 3  1 1.5 1.7                                                                
4G4 4  0 1.2                                                                    
4G4 8  0 1.2 1.3 1.6 2.7 1.8 1.9                                                
4G4 1  1 1.4                                                                    
4G4 6  0 1.4                                                                    
4G4 8  1 1.3 1.6                                                                
4G4 2  0 1.2 1.7                                                                
4G4 7  0 1.8                                                                    
4G4 12 0 1.2                                                                    
4G4 7  1 1.3                                                                    
5G1 5  0 1.2 1.6 1.7                                                            
5G1 3  0 1.4 1.5                                                                
5G1 7  1 1.6                                                                    
5G1 7  0 1.2 2.3 1.8 1.9                                                        
5G1 1  1 1.3                                                                    
5G2 26 0 1.3                                                                    
5G2 3  0 14.2 9.3 16.4 9.5 6.6 5.7 3.8 2.9                                      
5G2 6  0 2.7                                                                    
5G2 7  0 1.5                                                                    
5G2 5  0 1.5 1.7                                                                
5G2 5  1 1.4                                                                    
5G2 2  0 2.4                                                                    
5G2 29 0 1.2                                                                    
5G2 1  1 1.7                                                                    
5G2 7  1 1.7                                                                    
5G2 8  0 1.3                                                                    
5G3 3  0 1.2 6.3 4.4 6.5 2.6 1.7 1.8                                            
5G3 5  1 1.7                                                                    
5G3 2  0 1.2 1.5 1.7                                                            
5G3 26 0 1.3                                                                    
5G3 5  0 2.3 1.7                                                                
5G3 8  0 2.2 1.5                                                                
5G2 4  0 1.2                                                                    
5G4 8  0 12.2 3.3 3.4 5.5 4.6 1.8                                               
5G4 3  1 1.6                                                                    
5G4 3  0 1.2 2.3 4.4 3.5 1.7 2.8                                                
5G4 26 0 1.2                                                                    
5G4 2  0 1.5                                                                    
5G4 8  1 1.2                                                                    
5G4 5  1 1.2 1.4 1.8                                                            
3H1 7  0 1.2 1.4 1.5 1.6 2.7 1.8                                                
3H1 5  0 2.2                                                                    
3H1 6  0 2.2                                                                    
3H1 2  1 1.3 1.5 1.6                                                            
3H1 8  0 1.2 1.3 2.4                                                            
3H1 1  0 5.2 5.3 1.4 2.5 4.6 1.7 2.9                                            
3H1 3  0 2.2 1.3 1.6                                                            
3H1 7  1 1.2 1.4                                                                
3H1 2  0 1.2 1.5 1.6 1.7                                                        
3H1 10 0 1.5 1.9                                                                
3H1 1  1 1.2 1.3                                                                
3H1 8  1 1.3                                                                    
3H1 3  1 1.3                                                                    
3H2 5  0 2.2 1.4 2.6 1.8                                                        
3H2 6  0 1.8                                                                    
3H2 7  0 8.2 4.3 2.4 1.5 2.6 1.9                                                
3H2 1  0 1.3 1.4                                                                
3H2 4  0 1.3 1.6                                                                
3H2 7  1 1.3 2.4 1.7                                                            
3H3 7  1 2.2 2.3                                                                
3H3 7  0 1.2 4.3 2.5 2.6 1.7 1.8                                                
3H3 5  0 1.2 1.4 1.5 1.6                                                        
3H3 3  0 1.2 1.3                                                                
3H3 5  1 1.3 1.8                                                                
3H3 25 0 2.2 1.3 1.4 1.5                                                        
3H3 25 1 1.2 1.5                                                                
3H3 2  0 2.2 1.4                                                                
3H3 4  0 1.3                                                                    
3H3 1  1 1.6                                                                    
3H4 2  0 1.3 3.4 3.6 1.8                                                        
3H4 8  0 1.3 2.7                                                                
3H4 7  0 1.5 2.7 4.8                                                            
3H4 7  1 2.2 1.4 1.5 2.6 2.7                                                    
3H4 3  0 1.5 1.9                                                                
3H4 25 0 3.2 3.3 2.4 1.5                                                        
3H4 2  1 1.4 1.5 1.7                                                            
3H4 25 1 1.2                                                                    
3H4 5  1 1.5                                                                    
4H1 1  0 1.3 1.5 1.9                                                            
4H1 5  0 2.2 1.9                                                                
4H1 5  1 1.6                                                                    
4H2 2  0 1.2 1.6 1.7                                                            
4H2 1  0 2.2                                                                    
4H2 1  1 1.9                                                                    
4H2 7  0 1.4 1.9                                                                
4H2 7  1 1.7 1.9                                                                
4H2 3  0 1.3                                                                    
4H3 7  0 5.2 2.3 2.4 3.5 2.6 1.9                                                
4H3 5  0 3.7 1.9                                                                
4H3 4  0 1.4 1.7                                                                
4H3 7  1 1.2 1.3 1.5                                                            
4H3 5  1 1.4                                                                    
4H3 1  1 1.3                                                                    
4H3 9  0 1.7                                                                    
4H3 2  0 1.5                                                                    
4H3 9  1 1.2                                                                    
4H3 1  0 1.5                                                                    
4H4 25 0 12.2 3.3 1.4                                                           
4H4 3  0 1.2 1.3 1.8                                                            
4H4 2  1 1.3                                                                    
4H4 4  0 1.6 1.8 1.9                                                            
4H4 1  1 1.2 1.7 1.9                                                            
4H4 5  1 1.5                                                                    
4H4 7  0 1.3 1.4 1.8                                                            
4H4 25 1 2.2                                                                    
4H4 7  1 1.4                                                                    
4H4 1  0 1.5                                                                    
5H1 1  0 1.4 1.6                                                                
5H1 5  0 2.2 1.3                                                                
5H1 8  0 3.2 2.3 2.4 1.5                                                        
5H1 2  0 1.5 1.8 1.9                                                            
5H1 7  0 1.3                                                                    
5H1 2  1 1.3                                                                    
5H2 1  1 1.7 1.8                                                                
5H2 3  0 27.2 9.3 14.4 6.5 2.6 1.9                                              
5H2 7  1 2.6 2.7 2.8                                                            
5H2 1  0 1.7                                                                    
5H2 7  0 1.4 1.5 1.6 1.8                                                        
5H2 8  0 1.2 1.3 1.4 2.5                                                        
5H2 3  1 1.6                                                                    
5H2 5  1 1.3 2.4 1.8                                                            
5H2 6  1 1.6                                                                    
5H2 2  0 1.2                                                                    
5H3 7  0 6.2 1.3 1.4 1.5                                                        
5H3 1  0 1.2                                                                    
5H3 2  0 1.2                                                                    
5H3 5  0 1.6 1.8                                                                
5H4 2  0 1.3                                                                    
5H4 3  0 17.2 11.3 10.4 6.5 1.6 3.7 3.8 1.9                                     
5H4 4  0 1.4 1.8                                                                
5H4 3  1 3.2 1.3 1.5                                                            
5H4 1  1 2.2                                                                    
5H4 7  0 1.6 3.7 2.8                                                            
5H4 7  1 1.5                                                                    
5H4 9  0 1.2                                                                    
5H4 1  0 1.2                                                                    
3I1 10 0 2.2 5.3 2.4 3.5 2.6 4.7                                                
3I1 10 1 2.4 2.7                                                                
3I1 1  0 2.2 1.6                                                                
3I1 7  0 2.3 2.4 2.7                                                            
3I1 1  0 2.2 1.6                                                                
3I1 7  0 2.3 2.4 3.5 1.6 1.8                                                    
3I1 5  0 2.3 1.4                                                                
3I1 7  1 1.2                                                                    
3I1 2  0 1.8                                                                    
3I1 3  0 1.2 1.9                                                                
3I2 2  0 3.5 1.6 1.7 2.9                                                        
3I2 3  0 2.2 1.4 1.6                                                            
3I2 5  0 1.5                                                                    
3I2 4  0 1.2 1.3 2.4 3.5 2.6                                                    
3I2 5  1 1.7 1.9                                                                
3I2 1  1 1.5                                                                    
3I2 2  1 1.3 1.4                                                                
3I2 10 1 1.9                                                                    
3I2 7  1 1.4                                                                    
3I3 1  0 1.3 1.5                                                                
3I3 7  0 8.2 6.3 1.4 2.5 2.6 1.8                                                
3I3 10 0 1.2 3.3                                                                
3I3 7  1 2.5                                                                    
3I3 3  1 1.3                                                                    
3I3 3  0 1.4                                                                    
3I3 16 0 1.3                                                                    
3I4 1  0 2.4 1.3 2.4 1.5                                                        
3I4 10 0                                                                        
3I4 7  0 2.2 1.3 1.5 1.6 1.7 2.8                                                
3I4 2  0 2.2 1.6                                                                
3I4 5  1 1.8                                                                    
3I4 3  0 2.3 1.7 1.8                                                            
3I4 3  1 1.2                                                                    
3I4 25 0 1.2 1.3 1.4                                                            
3I4 5  0 2.8                                                                    
3I4 7  1 1.4                                                                    
4I1 25 0 2.2 2.4 1.5                                                            
4I1 4  0 1.3 3.4                                                                
4I1 8  0 1.3                                                                    
4I1 3  1 1.7                                                                    
4I1 7  1 1.3                                                                    
4I1 3  0 1.2                                                                    
4I1 7  0 1.6 1.8                                                                
4I1 1  0 1.7                                                                    
4I1 1  1 2.3                                                                    
4I2 7  1 2.2 1.3 1.4                                                            
4I2 7  0 6.2 1.5 1.6 1.7 1.8                                                    
4I2 3  0 1.2 1.3 1.4 1.7 1.8                                                    
4I2 1  0 5.2 3.3 2.4 1.5 2.8                                                    
4I2 1  1 1.6                                                                    
4I2 2  0 1.4                                                                    
4I2 4  0 1.2 1.4 1.7 1.8                                                        
4I2 5  0 1.8                                                                    
4I2 5  1 2.5 1.6                                                                
4I3 7  0 4.2 1.3 1.4 1.5                                                        
4I3 5  0 1.3 1.4 1.8                                                            
4I3 1  1 1.6                                                                    
4I3 6  0 1.7                                                                    
4I3 3  0 1.2 6.3 4.4 2.5 2.6 1.9                                                
4I3 4  0 1.3 0.6                                                                
4I3 2  0 1.7                                                                    
4I4 7  1 3.2 2.5 1.8                                                            
4I4 25 0 18.2 6.3 2.4                                                           
4I4 5  0 1.5 1.6 1.8 1.9                                                        
4I4 25 1 2.2                                                                    
4I4 7  0 1.3 1.4 1.5 2.6 2.7 1.8 3.9                                            
4I4 2  0 1.3 1.4                                                                
4I4 1  0 1.2                                                                    
4I4 3  0 1.4 1.5                                                                
4I4 5  1 1.3 2.4 1.6                                                            
5I1 7  1 2.2 1.4                                                                
5I1 4  0 1.2 2.3 1.6                                                            
5I1 7  0 2.3 1.4 2.5 1.7                                                        
5I1 5  1 1.6 1.8                                                                
5I1 2  0 1.4                                                                    
5I1 3  0 4.2 1.3 2.4 1.5 2.6                                                    
5I1 8  0 4.2 1.3                                                                
5I1 1  0 1.2                                                                    
5I2 3  0 16.2 12.3 14.4 9.5 8.6 2.7 2.9                                         
5I2 2  0 2.3 2.5 1.8                                                            
5I2 3  1 6.2 2.3 2.4 3.5 1.6                                                    
5I2 1  0 1.7                                                                    
5I2 5  1 1.4                                                                    
5I2 7  0 2.3 2.4 1.5 2.6                                                        
5I2 1  1 1.6                                                                    
5I2 7  1 1.9                                                                    
5I2 5  0 1.9                                                                    
5I2 8  0 1.5                                                                    
5I3 25 0 10.2 9.3 3.4                                                           
5I3 25 1 1.2 5.3 1.4                                                            
5I3 2  0 1.2                                                                    
5I3 5  1 1.5                                                                    
5I3 5  0 1.8                                                                    
5I3 4  0 3.3                                                                    
5I3 7  1 1.7 1.8                                                                
5I3 1  1 1.3                                                                    
5I3 7  0 1.9                                                                    
5I3 2  1 1.6                                                                    
5I4 7  0 1.4 1.5 1.6 1.8 1.9                                                    
5I4 3  0 4.2 3.3 1.7                                                            
5I4 1  0 2.2                                                                    
5I4 5  0 1.5 1.9                                                                
5I4 4  0 1.2 1.5                                                                
5I4 7  1 1.2                                                                    
5I4 2  0 1.2 1.4 1.5 1.7 2.8                                                    
5I4 3  1 1.2 1.4 1.5                                                            
5I4 5  1 1.4                                                                    
5I4 2  1 1.3                                                                    
5I4 1  1 1.4                                                                    
3J1 2  0 2.3 2.4 1.6 1.8 1.9                                                    
3J1 7  1 4.3                                                                    
3J1 3  0 1.4 2.6 1.9                                                            
3J1 1  0 1.3 2.4 2.5 2.8                                                        
3J1 7  0 1.2 1.3 1.4 1.5 1.7                                                    
3J1 5  0 3.2 1.3 2.4 1.6 1.9                                                    
3J1 3  1 1.6 1.9                                                                
3J1 10 0 1.2                                                                    
3J2 1  1 1.4 2.6                                                                
3J2 5  0 1.2                                                                    
3J2 3  0 6.2 6.3 3.4 3.5 3.7 1.8                                                
3J2 7  0 5.2 1.3 2.4 2.6 1.8                                                    
3J2 25 0 1.2 4.3 4.4                                                            
3J2 9  0 1.7                                                                    
3J2 1  0 1.5                                                                    
3J2 2  0 1.4 3.5 1.7                                                            
3J3 25 0 5.2 2.3 4.4 1.5                                                        
3J3 7  0 1.2 1.3 1.6 1.7 2.8                                                    
3J3 2  0 1.2 3.3                                                                
3J3 3  0 3.2 1.3 4.4 4.5 4.6 2.7 1.8 2.9                                        
3J3 3  1 1.2 1.3 1.6                                                            
3J3 25 1 1.3                                                                    
3J3 5  0 1.3                                                                    
3J3 1  1 1.8                                                                    
3J4 3  0 12.2 10.3 5.4 3.5 2.6 2.8 1.9                                          
3J4 2  0 3.2 3.4 1.6                                                            
3J4 26 0 1.5 1.7 2.8                                                            
3J4 3  1 3.2 1.5 1.8                                                            
3J4 26 1 1.8                                                                    
3J4 1  1 1.6                                                                    
3J4 1  0 1.7                                                                    
3J4 2  1 1.3 1.9                                                                
3J4 7  1 1.5                                                                    
3J4 7  0 1.8                                                                    
4J1 3  0 1.2 2.3 3.4 1.5 1.8 1.9                                                
4J1 7  0 5.2 2.3 2.7                                                            
4J1 5  1 1.2 1.5                                                                
4J1 5  0 1.2 1.3 1.8                                                            
4J1 7  1 1.2 1.3                                                                
4J1 14 0 1.8                                                                    
4J2 1  0 3.2 3.3 1.4 1.5 3.7 1.8                                                
4J2 5  0 1.5                                                                    
4J2 7  1 1.2  3.7 1.8                                                           
4J2 7  1 1.2                                                                    
4J2 7  0 1.5 1.6                                                                
4J3 7  0 1.2 1.4 1.5                                                            
4J3 3  0 1.2 2.3 2.4 1.5                                                        
4J3 2  0 3.2 1.3 1.6                                                            
4J3 5  1 1.5                                                                    
4J3 7  1 1.3                                                                    
4J3 5  0 1.5                                                                    
4J4 3  0 1.2 1.3 1.4 3.6                                                        
4J4 25 0 2.2 4.3 1.4 2.5                                                        
4J4 2  0 3.2 1.3 2.4 1.5 1.6                                                    
4J4 4  0 1.5                                                                    
4J4 1  1 1.3                                                                    
4J4 5  1 1.5 1.7                                                                
4J4 5  0 1.7                                                                    
5J1 25 0 14.2 11.3 2.4                                                          
5J1 1  0 2.2 1.3 1.4 1.6 1.8                                                    
5J1 7  0 2.2 2.3 5.4 1.5 3.6                                                    
5J1 10 0 1.3 1.4                                                                
5J1 25 1 2.3                                                                    
5J1 9  0 1.5                                                                    
5J1 5  1 1.7                                                                    
5J1 7  1 1.3 1.4 1.5                                                            
5J1 1  1 1.4 1.5 1.6                                                            
5J1 6  0 1.8                                                                    
5J2 1  0 2.2 1.3 1.6                                                            
5J2 20 0 1.7                                                                    
5J2 5  0 3.3 1.5                                                                
5J3 5  0 1.2 1.4                                                                
5J3 25 1 2.2 1.3                                                                
5J3 2  1 1.5 1.6                                                                
5J3 25 0 4.2 3.3 6.4 4.6 1.7 1.8                                                
5J3 7  0 1.2 1.3 1.7 1.8                                                        
5J3 3  0 1.2 1.4                                                                
5J3 1  1 1.5 3.6                                                                
5J3 2  0 1.2 1.5                                                                
5J3 3  1 1.5                                                                    
5J3 4  0 1.5                                                                    
5J4 1  0 1.4 1.5 1.8                                                            
5J4 7  0 6.2 4.3 1.4                                                            
5J4 5  0 1.3 2.4 2.5 1.7 1.9                                                    
5J4 3  0 1.3                                                                    
5J4 5  1 1.5 1.6                                                                
5J4 7  1 1.2                                                                    
6C1 16 1 1.8                                                                    
6C2 1  0 3.6 1.7 5.8 4.9                                                        
6C2 1  1 3.2 11.3 17.4 18.5 21.6 14.7 10.8 28.9                                 
6C2 16 1 1.3 1.5 2.7 1.8 1.9                                                    
6C2 3  0 1.6                                                                    
6C2 5  1 1.5                                                                    
6C3 7  0 2.4 1.5 1.7 1.9                                                        
6C3 18 0 1.7                                                                    
6C3 6  0 1.8                                                                    
6C3 7  1 1.3 1.4                                                                
6C3 2  0 1.4                                                                    
6C3 2  1 1.3                                                                    
6C4 8  0 1.6                                                                    
6C4 29 1 1.2                                                                    
6C4 29 0 1.2                                                                    
6C4 3  0 1.2 1.5 2.6                                                            
6C4 2  0 1.6                                                                    
6C4 1  0 1.2                                                                    
6C4 5  0 1.6                                                                    
6C4 7  0 1.3                                                                    
6C4 9  1 1.7                                                                    
7C1 5  0 1.5                                                                    
7C1 9  0 1.6                                                                    
7C1 9  1 1.5                                                                    
7C2 1  0 2.4 1.6 1.8                                                            
7C2 5  0 1.2 1.6 1.7 1.8                                                        
7C2 12 0 1.4                                                                    
7C2 16 0 1.2 1.3                                                                
7C2 7  0 2.2 1.3 1.5                                                            
7C2 3  0 1.7 1.9                                                                
7C2 6  0  1.3                                                                   
7C3 4  0 1.4                                                                    
7C4 3  0 3.2 2.4 1.6 2.7                                                        
7C4 6  0 1.2 1.6                                                                
7C4 1  0 1.2 1.7                                                                
7C4 10 0 1.4                                                                    
7C4 5  0 5.2 1.3 1.7 1.9                                                        
7C4 7  0 1.2 1.3 1.7                                                            
7C4 13 0 1.6                                                                    
8C1 1  0 1.2 1.4 1.9                                                            
8C1 5 0 1.5                                                                     
8C1 5  0 1.2 2.4 1.6 1.7                                                        
8C2 1  0 1.2 2.3 1.4 1.5 1.6 1.7 1.9                                            
8C2 7  0 1.4                                                                    
8C2 9  0 1.8 1.9                                                                
8C3 5  0 1.3 2.5                                                                
8C3 1  0 1.3                                                                    
8C3 16 0 1.2                                                                    
8C3 1  1 1.6                                                                    
8C3 7  0 9.2 1.4                                                                
8C4 7  0 2.2 1.3 1.4                                                            
8C4 5  0 1.9                                                                    
8C4 3  0 1.8                                                                    
8C4 12 0 1.3                                                                    
6D1 3  0 1.2 1.3 2.4 1.5 1.6                                                    
6D1 6  0 1.6                                                                    
6D1 5  0 1.2 2.4 1.6 1.9                                                        
6D1 7  0 1.2 2.3 2.4 1.5 2.6 1.7 1.8                                            
6D1 7  1 1.2 3.3 1.4 1.8                                                        
6D1 2  0 1.7                                                                    
6D2 7  0 6.2 4.3 1.4 1.7                                                        
6D2 5  0 1.3 1.4 1.5 1.7                                                        
6D2 3  0 1.4                                                                    
6D2 7  1 1.2 1.4 1.5                                                            
6D2 5  1 1.5                                                                    
6D3 3  1 1.2 2.5                                                                
6D3 8  0 1.7 1.8                                                                
6D3 3  0 1.2 1.6 1.7                                                            
6D3 7  0 1.8                                                                    
6D3 5  0 1.7 2.8                                                                
6D3 1  0 1.4                                                                    
6D4 5  0 1.2 1.3 1.9                                                            
6D4 7  0 3.2 5.3 3.4 3.5 2.6 1.7 2.8 1.9                                        
6D4 3  1 1.2 2.5 1.6 1.7                                                        
6D4 7  1 2.2 2.3                                                                
6D4 3  0 1.6 1.8 1.9                                                            
6D4 6  0 1.3                                                                    
6D4 8  0 1.5                                                                    
7D1 6  0 1.3                                                                    
7D1 1  0 1.4 1.5                                                                
7D1 3  0 1.5                                                                    
7D2 1  1 1.4                                                                    
7D2 7  0 1.2 1.3 1.4                                                            
7D2 7  1 2.4                                                                    
7D2 1  0 1.6                                                                    
7D3 5  0 1.5                                                                    
7D3 1  0 1.8                                                                    
7D3 9  0 1.3 1.6                                                                
7D4 5  0 1.3 1.9                                                                
7D4 5  1 1.3                                                                    
7D4 7  1 1.4                                                                    
7D4 3  0 2.2 1.3 1.4                                                            
7D4 6  0 1.5                                                                    
7D4 2  0 1.7                                                                    
8D1 1  0 1.4                                                                    
8D2 3  0 3.2 1.3                                                                
8D2 1  0 1.2 1.3 1.4 1.8                                                        
8D2 7  0 1.2 1.6 1.7                                                            
8D2 5  0 1.3                                                                    
8D2 1  1 1.3                                                                    
8D3 5  0 1.2 1.4                                                                
8D3 1  0 1.5 1.7                                                                
8D3 7  0 1.2 1.5 1.8                                                            
8D3 6  0 1.4                                                                    
8D3 3  0 2.2                                                                    
8D4 3  0 10.2 9.3 5.4 5.5 2.6 1.7 1.8 1.9                                       
8D4 11 0 2.2                                                                    
8D4 6  0 1.2 2.4 2.6                                                            
8D4 6  1 1.2                                                                    
8D4 5  1 1.3                                                                    
6E1 8  0 1.3 1.7 1.9                                                            
6E1 5  0 1.2                                                                    
6E1 7  0 3.2 2.3                                                                
6E1 25 0 3.2 4.3 3.4                                                            
6E1 29 1 1.2 1.3                                                                
6E1 2  0 1.4 1.8                                                                
6E2 5  0 1.2                                                                    
6E2 5  1 1.3                                                                    
6E3 6  0 2.2 1.4 2.6                                                            
6E3 5  0 2.2 4.3 2.7 1.8                                                        
6E3 1  0 1.2                                                                    
6E3 10 0 1.5                                                                    
6E4 5  0 2.2 3.3 4.4 2.5 1.7                                                    
6E4 3  0 2.2 1.3                                                                
6E4 7  0 3.2 1.3 1.5                                                            
6E4 2  0 1.4                                                                    
6E4 4  0 1.9                                                                    
6E4 1  0 1.3                                                                    
7E1 3  0 1.2 1.3 1.4 2.7 1.8                                                    
7E1 1  1 2.6 1.7 4.8                                                            
7E1 7  1 1.2 4.4                                                                
7E1 7  0 1.2 1.3 3.4 1.5 3.6 2.7                                                
7E1 5  0 1.4 1.5 1.7                                                            
7E1 2 0 1.6                                                                     
7E1 25 0 1.2                                                                    
7E1 1  0 1.7 1.8 1.9                                                            
7E2 1  1 1.5 1.6 1.7 1.9                                                        
7E2 6  1 1.2 1.6                                                                
7E2 7  0 1.5                                                                    
7E2 3  0 1.2                                                                    
7E2 7  1 1.6                                                                    
7E3 7  0 3.2 5.3 2.4 5.6 2.8                                                    
7E3 6  0 1.6                                                                    
7E3 7  1 1.2 1.3 1.5                                                            
7E3 6  1 2.7 1.9                                                                
7E3 3  0 1.3                                                                    
7E3 25 0 1.2 2.4 1.5 2.6 1.7 1.8                                                
7E3 25 1 1.3                                                                    
7E4 1  1 2.3 1.5 1.8                                                            
7E4 3  0 3.2 3.3 3.4 1.5 1.6 1.9                                                
7E4 25 0 1.3                                                                    
7E4 6  0 2.2 1.3                                                                
7E4 5  0 2.2 1.3                                                                
7E4 7  0 1.2                                                                    
8E1 3  0 12.2 18.3 5.4 4.5                                                      
8E1 1  1 1.2 1.6                                                               
8E1 7  0 1.4 1.5                                                                
8E1 5  0 1.2                                                                    
8E1 6  0 1.4 1.7                                                                
8E1 29 0 1.2                                                                    
8E2 5  0 1.2 3.3 5.4 2.5 1.6 1.7 1.8                                            
8E2 3  0 19.2 19.3 10.4 11.5 7.6 5.7 3.8 1.9                                    
8E2 29 0 4.2                                                                    
8E2 7  0 1.8                                                                    
8E2 3  1 1.6                                                                    
8E2 8  0 1.2 3.3 2.6                                                            
8E2 6  0 1.2 1.7                                                                
8E2 1  0 1.2 1.4 1.5                                                            
8E2 9  0 1.6                                                                    
8E2 29 1 1.2                                                                    
8E3 3  0 1.3 1.5 1.7                                                            
8E3 6  0 1.6 2.7                                                                
8E3 5  0 1.2 1.8                                                                
8E3 7  0 1.2 1.3 1.6                                                            
8E3 1  1 1.5                                                                    
8E4 25 0 5.2 6.3 3.4 4.5 5.6 1.7 1.8                                            
8E4 3  0 12.2 5.3 1.4 1.5 1.6 2.7 1.9                                           
8E4 5  0 1.2                                                                    
8E4 7  0 1.2                                                                    
8E2 2  0 1.7                                                                    
6F1 5  0 1.3 1.8                                                                
6F1 6  0 1.6                                                                    
6F1 7  0 1.6                                                                    
6F1 3  0 1.3                                                                    
6F1 1  1 1.8                                                                    
6F1 1  0 1.8                                                                    
6F2 5  0 1.2 3.4 1.6                                                            
6F2 7  0 1.2 1.7                                                                
6F2 3  0 2.2 1.3 1.4 1.6                                                        
6F2 6  0 1.5                                                                    
6F2 2  0 1.3 1.7 1.9                                                            
6F2 8  0 1.2                                                                    
6F3 5  0 1.4 2.9                                                                
6F3 6  0 2.7                                                                    
6F3 7  1 1.3                                                                    
6F3 25 0 7.2 5.3 2.4 2.6 2.7                                                    
6F3 2  1 1.2                                                                    
6F4 7  0 1.2 1.3 2.4 4.5 1.6 1.9                                                
6F4 6  1 1.4 1.5 2.6                                                            
6F4 6  0 1.7                                                                    
6F4 5  0 1.2 3.3 1.5 2.7 1.8                                                    
6F4 7  1 1.3                                                                    
6F4 3  0 2.2 1.3 1.6                                                            
6F4 1  0 1.4                                                                    
7F1 3  0 41.2 14.3 8.4 1.5                                                      
7F1 2  0 1.4                                                                    
7F1 1  1 1.6 1.7 1.9                                                            
7F1 7  0 1.3                                                                    
7F1 25 0 3.4                                                                    
7F1 8  0 1.2                                                                    
7F2 7  0 5.2 1.3 2.4 1.6                                                        
7F2 1  1 1.4 2.9                                                                
7F2 3  0 6.2 1.3                                                                
7F2 2  0 1.4 1.5                                                                
7F2 10 1 1.9                                                                    
7F2 6  0 1.6                                                                    
7F2 6  1 1.5                                                                    
7F2 5  1 1.2                                                                    
7F3 3  0 7.2 6.3 8.4 8.5 3.7 1.8 1.9                                            
7F3 1  1 1.5                                                                    
7F3 7  1 1.2                                                                    
7F3 8  0 1.2 1.5                                                                
7F3 6  0 1.3                                                                    
7F3 5  0 6.2 1.4 1.5                                                            
7F3 1  0 3.2                                                                    
7F4 3  0 12.2 10.3 8.4 3.5 4.6 3.7 1.8                                          
7F4 5  0 3.2 2.4 2.5 1.6 1.7                                                    
7F4 1  1 1.9                                                                    
8F1 5  0 2.5 1.6                                                                
8F1 7  1 1.2                                                                    
8F1 7  0 2.2 2.3 1.4 1.5 2.8 1.9                                                
8F1 3  0 2.2 4.3                                                                
8F1 3  1 2.3                                                                    
8F1 1  0 1.3                                                                    
8F1 6  1 1.4 1.8                                                                
8F1 8  0 2.3                                                                    
8F2 3  0 25.2 12.3 5.4 9.5 4.6                                                  
8F2 6  0 1.2 2.3                                                                
8F2 5  0 2.2 2.3                                                                
8F2 7  1 1.7                                                                    
8F2 8  0 1.5                                                                    
8F2 7  0 1.2 1.5 1.6                                                            
8F3 3  0 12.2 16.3 4.4 2.5 2.6 1.7 1.9                                          
8F3 7  0 1.2 1.6                                                                
8F3 2  0 1.3 1.5 1.6                                                            
8F3 1  1 1.6 1.9                                                                
8F3 4  0 1.7                                                                    
8F4 3  0 18.2 15.3 4.4 7.5 4.6 1.7 1.8                                          
8F4 6  0 1.7                                                                    
8F4 7  0 1.3 1.4 2.5 3.6 1.7 1.9                                                
8F4 1  0 1.5                                                                    
8F4 5  0 3.2 2.4                                                                
8F4 2  0 1.8                                                                    
8F4 7  1 1.7                                                                    
6G1 5  0 1.2 2.7 1.9                                                            
6G1 6  1 1.2 1.3 1.4 2.5                                                        
6G1 6  0 1.3                                                                    
6G1 10 1 1.8 1.9                                                                
6G1 7  0 1.2 1.3 1.4 3.5 2.7 1.8                                                
6G1 7  1 1.4                                                                    
6G1 5  1 1.7                                                                    
6G2 5  0 1.8                                                                    
6G2 7  0 6.2 4.3 2.5 1.6 2.8                                                    
6G2 1  0 15.2 3.3 1.4 1.6                                                       
6G2 7  1 1.3 1.4                                                                
6G2 3  0 2.2 2.3 1.6 1.7                                                        
6G2 6  1 1.3                                                                    
6G2 6  0 1.8                                                                    
6G2 2  0 2.2                                                                    
6G2 8  0 1.3                                                                    
6G3 3  1 1.3                                                                    
6G3 7  1 1.3 1.7                                                                
6G3 3  0 1.2 5.3 4.4 3.5 1.7 1.8                                                
6G3 5  1 1.5 1.9                                                                
6G3 7  0 1.2 1.8                                                                
6G3 2  0 1.2                                                                    
6G3 1  0 3.2 1.3                                                                
6G3 8  0 1.2                                                                    
6G4 2  0 1.3                                                                    
6G4 3  0 4.2 8.3 2.4 3.5 4.6 1.7                                                
6G4 3  1 3.3 1.7                                                                
6G4 6  1 1.9                                                                    
6G4 2  1 1.2 3.5 2.6                                                            
6G4 25 0 1.2 2.3                                                                
6G4 7  0 1.6                                                                    
6G4 1  1 1.6                                                                    
6G4 5  1 2.4 1.5 1.6                                                            
6G4 7  1 1.3                                                                    
7G1 25 0 4.2 5.3 3.4 4.5 2.6 1.7                                                
7G1 6  0 1.5                                                                    
7G1 5  0 1.4 1.6 1.8                                                            
7G1 1  0 11.2 8.3 6.4 5.5 5.6                                                   
7G1 8  0 2.3 1.7 1.8 1.9                                                        
7G1 3  0 2.5                                                                    
7G1 7  0 2.3 1.9                                                                
7G1 5  1 1.4 1.6                                                                
7G1 1  1 3.2                                                                    
7G1 6  1 1.3                                                                    
7G1 11 0 1.6                                                                    
7G1 25 1 1.3                                                                    
7G2 4  0 1.4 2.5 1.6 1.8 1.9                                                    
7G2 4  1 1.2 1.4 1.6                                                            
7G2 2  1 1.2 1.3 2.5 1.6                                                        
7G2 3  0 1.3                                                                    
7G2 11 1 1.2                                                                    
7G2 25 0 2.3                                                                    
7G2 2  0 1.6                                                                    
7G3 2  0 1.4 1.6                                                                
7G3 2  1 1.2 1.3 1.6 2.7 1.8                                                    
7G3 8  0 1.2 1.4 1.5 1.6                                                        
7G3 7  1 2.2 1.3 1.6                                                            
7G3 5  1 1.4                                                                    
7G3 3  0 5.2 2.3 3.4 1.5                                                        
7G3 7  0 2.2 2.3 1.5 2.6 1.7 1.8 2.9                                            
7G3 1  0 3.2 5.3 1.4 1.5 1.6                                                    
7G3 10 0 1.2                                                                    
7G3 5  0 1.7                                                                    
7G4 2  1 1.3 1.4 1.5 1.6                                                        
7G4 2  0 1.2 3.3 1.4 1.5 1.6 3.7 2.8                                            
7G4 7  0 1.5 1.9                                                                
7G4 7  1 1.3                                                                    
7G4 5  0 1.8                                                                    
6H1 3  0 5.2 2.3 5.4 4.5 1.6 2.7 1.9                                            
6H1 3  1 2.3 1.5 1.7 1.9                                                        
6H1 5  1 1.3 1.5                                                                
6H1 5  0 1.2 0.4                                                                
6H1 7  0 1.4 1.6 1.7                                                            
6H1 7  1 1.3 1.5                                                                
6H1 8  0 2.2                                                                    
6H2 3  0 1.2 2.3 2.4 3.5 4.6 1.9                                                
6H2 1  0 6.2 11.3 1.4 3.5 2.6 3.7 1.8                                           
6H2 5  1 1.2 1.3 1.6                                                            
6H2 8  0 1.3 1.6                                                                
6H2 5  0 0.5 1.7 2.8 1.9                                                        
6H2 7  0 2.3 4.5 1.7 1.8 1.9                                                    
6H1 7  1 1.4 2.5                                                                
6H2 3  1 1.4 0.5                                                                
6H2 1  1 1.6                                                                    
6H2 6  0 1.2 1.5                                                                
6H3 3  0 5.2 7.3 3.4 3.5 1.6 1.7                                                
6H3 7  0 2.2 2.3 1.4 2.5 5.6 3.7 2.8                                            
6H3 3  1 2.2 2.3 1.4 1.5 1.6                                                    
6H3 7  1 1.2 1.3 1.6 1.8                                                        
6H3 5  1 1.6                                                                    
6H3 25 0 1.2                                                                    
6H3 4  0 1.2                                                                    
6H3 1  0 1.3                                                                    
6H4 5 0 2.6 1.7 3.9                                                             
6H4 3 0 3.3 1.6 2.7                                                             
6H4 2 0 1.2 1.3 1.8                                                             
6H4 1 1 1.5 1.6                                                                 
6H4 7 0 1.2 1.3 1.4                                                             
6H4 7 1 2.2 1.3 1.5                                                             
6H4 6 1 1.3                                                                     
6H4 5 1 1.3 1.4 1.6                                                             
7H1 3  0 1.2 1.3 1.4                                                            
7H1 2  0 3.9                                                                    
7H1 1  1 1.7                                                                    
7H1 25 0 5.2 2.3 1.4                                                            
7H1 5  1 1.9                                                                    
7H1 7  0 1.3                                                                    
7H2 7  0 2.2 1.3 1.4 1.5 1.7 1.8                                                
7H2 7  1 2.3 1.6                                                                
7H2 5  1 1.3 1.8 1.9                                                            
7H2 2  0 1.4 2.7 1.8                                                            
7H2 3  0 1.2 2.3 1.4 1.5 3.6                                                    
7H2 1  0 1.8                                                                    
7H2 3  1 1.3 1.8                                                                
7H2 4  0 1.8                                                                    
7H3 3  0 1.2 2.3 1.5 1.6                                                        
7H3 2  0 1.2 1.6 1.7                                                            
7H3 25 0 13.2 16.3 11.4 6.5                                                     
7H3 7  1 1.3                                                                    
7H3 7  0 1.3 1.5 1.8                                                            
7H3 8  0 1.2 1.3                                                                
7H3 1  1 1.4 2.5                                                                
7H3 25 1 1.2 1.3 2.4                                                            
7H3 5  1 1.4                                                                    
7H3 5  0 1.9                                                                    
7H4 7  0 0.2 1.4 3.5 3.6 1.7 2.8                                                
7H4 2  0 1.2 1.3 2.4 1.6                                                        
7H4 7  1 1.2 2.3 1.4 1.7                                                        
7H4 2  1 1.2 1.7                                                                
7H4 1  1 1.5 1.6                                                                
7H4 5  1 1.3 1.5                                                                
7H4 3  1 1.6                                                                    
7H4 5  0 1.3                                                                    
8H1 7  0 1.2 2.4 1.7 1.8                                                        
8H1 3  0 5.2 5.3 3.4 2.5                                                        
8H1 5  1 1.5                                                                    
8H1 6  0 1.2                                                                    
8H1 1  0 2.2 1.3                                                                
8H1 4  0 1.2 2.4 1.5 2.6 1.7 1.9                                                
8H1 8  0 1.2                                                                    
8H2 3  0 2.2 5.3 3.4 6.5 1.6 1.8                                                
8H2 3  1 1.4 3.5 1.8                                                            
8H2 4  0 1.2                                                                    
8H2 7  0 4.2 1.3 2.4 2.5 1.6                                                    
8H2 7  1 2.3                                                                    
8H2 5  1 1.4 1.6                                                                
8H3 3  0 1.2 3.2 3.4 1.5 2.6 2.8                                                
8H3 7  0 4.2 5.3 2.4 3.5 1.6 1.8 2.9                                            
8H3 2  0 2.2                                                                    
8H3 5  1 1.8 1.9                                                                
8H3 6  1 1.8                                                                    
8H3 3  1 1.6                                                                    
8H4 7  0 2.2 1.3 1.4 2.5 1.7 1.8                                                
8H4 5  0 1.7 2.9                                                                
8H4 5  1 1.4 1.7 1.9                                                            
8H4 4  0 1.2 1.3 1.8                                                            
8H4 1  1 1.7                                                                    
8H4 3  0 1.5 1.6 1.7                                                            
8H4 2  0 1.2 1.4                                                                
8H4 7  1 1.2                                                                    
8H4 8  0 1.7                                                                    
6I1 3  0 3.2 8.3 4.4 2.5 4.6 2.7 2.8 1.9                                        
6I1 7  0 3.2 1.4                                                                
6I1 1  0 1.8                                                                    
6I1 5  1 1.3                                                                    
6I1 1  1 1.3                                                                    
6I1 3  1 1.2 1.6                                                                
6I1 2  0 1.3                                                                    
6I2 3  0 4.2 2.3 5.4 2.6 1.8                                                    
6I2 3  1 3.2 1.3                                                                
6I2 1  1 1.6                                                                    
6I2 6  1 2.6                                                                    
6I2 25 0 7.2 2.3 1.4 1.5                                                        
6I2 7  1 1.4                                                                    
6I2 7  0 1.3                                                                    
6I3 7  0 1.2 1.5 1.8                                                            
6I3 2  0 2.3 1.5 1.7 2.8 2.9                                                    
6I3 5  0 1.6                                                                    
6I3 5  1 1.6 1.8                                                                
6I3 2  1 1.2 1.3 1.5                                                            
6I4 3  1 1.4 2.5 2.6 1.7                                                        
6I4 2  1 1.3 1.4 1.5 1.9                                                        
6I4 7  0 1.5 1.6 1.7 1.8 3.9                                                    
6I4 4  0 1.4                                                                    
6I4 2  0 1.3 1.5 2.6 1.8 0.9                                                    
6I4 7  1 2.6                                                                    
6I4 25 0 1.3 1.5                                                                
6I4 5  1 1.6                                                                    
6I4 1  1 1.8                                                                    
6I4 25 1 1.4                                                                    
7I1 7  1 1.3 1.4 2.5 2.6 1.7                                                    
7I1 6  1 1.2                                                                    
7I1 3  1 1.6 1.7 0.8                                                            
7I1 5  1 1.5 1.8 1.9                                                            
7I1 25 0 4.2 1.3                                                                
7I1 4  0 1.2 1.4 1.6                                                            
7I1 9  0 1.6 1.8                                                                
7I1 3  0 1.4 1.7                                                                
7I1 5  0 1.7                                                                    
7I1 7  0 1.2 1.8                                                                
7I2 5  0 1.4 1.5                                                                
7I2 6  0 1.7 1.8                                                                
7I2 5  1 1.9                                                                    
7I2 6  1 1.5                                                                    
7I2 1  0 3.2 2.4                                                                
7I2 8  0 1.2 1.5                                                                
7I2 2  0 1.5                                                                    
7I2 1  1 2.8                                                                    
7I3 4  0 1.3 2.7 1.9                                                            
7I3 8  1 1.7                                                                    
7I3 2  1 1.4                                                                    
7I3 7  0 1.5 1.8 1.9                                                            
7I3 5  1 1.9                                                                    
7I4 6  1 1.4                                                                    
7I4 5  0 1.4 1.6                                                                
7I4 5  1 2.2                                                                    
7I4 1  0 1.3 1.4                                                                
7I4 6  0 3.6                                                                    
8I1 6  1 1.6                                                                    
8I1 7  0 4.2 4.3 5.5 2.6 1.7 1.9                                                
8I1 5  1 1.3                                                                    
8I1 7  1 1.2 3.3 1.4 3.5                                                        
8I1 25 1 4.2 1.3                                                                
8I1 25 0 5.2 4.3 1.4                                                            
8I1 2  0 1.3                                                                    
8I1 1  1 1.6                                                                    
8I1 4  0 2.7 1.8                                                                
8I2 3  1 1.9                                                                    
8I2 4  0 1.2 1.3 2.4 2.6 2.8                                                    
8I2 25 0 3.2 4.3 2.5                                                            
8I2 7  1 1.8                                                                    
8I3 25 0 1.2 2.3 1.4 1.5                                                        
8I3 7  0 1.2 1.5 2.6 1.8                                                        
8I3 1  0 2.2 1.3 1.7                                                            
8I3 20 0 1.8                                                                    
8I3 25 1 1.3                                                                    
8I3 5  0 1.2 1.5                                                                
8I3 6  1 2.6                                                                    
8I3 6  0 1.6                                                                    
8I3 7  1 1.7                                                                    
8I3 1  1 1.4                                                                    
8I3 3  0 2.8                                                                    
8I4 4  0 1.2 3.5 1.6 3.7                                                        
8I4 1  1 1.7                                                                    
8I4 4  1 1.5 1.6                                                                
8I4 3  0 1.2 1.4                                                                
8I4 5  0 1.7                                                                    
8I4 5  1 1.2 1.7                                                                
8I4 3  1 1.2 1.5                                                                
8I4 7  0 1.6                                                                    
8I4 7  1 1.5                                                                    
