3E1 7 0 3.2 3.3 1.4
3E1 5 0 2.2 2.3 1.6 1.7
3E1 12 0 1.4
3E1 15 0 1.2 1.3 1.4 1.5 1.6 1.7
3E1 16 0 2.2
3E4 3 0 4.2 3.3 3.4 6.5 1.6 1.7
3E4 12 0 2.2 1.6 1.7 1.8
3E4 7 0 3.2 2.3 1.4 1.6
3E4 4 0 1.5 1.8
3F1 12 0 1.2
3F1 3 0 19.2 6.3 11.4 2.5 1.6
3F1 8 0 1.2 1.5
3F1 2 0 1.4
3F1 5 0 1.2
3F2 3 0 1.2 2.3 7.4 8.5 3.6 3.7 5.8 1.9
3F2 12 0 3.2 1.3 1.4 1.5 2.6
3F2 7 0 2.3 1.4
3F4 5 0 1.5 1.6 1.7 1.8
3F4 7 0 1.3
3F4 3 0 3.2 2.3 1.6
3F4 12 0 1.5
3G2 7 0 2.3 1.5
3G2 3 0 2.2 1.5
3G2 26 0 6.2 5.3 1.4
3G2 9 0 1.4
3G2 7 0 3.2 3.3 2.5
3G2 1 0 2.3
3G2 8 0 1.6 1.8
3H1 2 0 1.2 4.3 1.7 1.8
3H1 3 0 1.2 1.5
3H1 1 0 2.7
3H1 5 0 1.2
3H1 4 0 1.4
3H1 8 0 1.3
3H2 7 0 2.2 2.3 2.4 1.5 2.7
3H2 5 0 2.7
3H2 4 0 1.3
3H2 1 0 1.7
3H3 7 0 2.2 2.3 1.4 1.6 1.7 2.8 1.9
3H3 2 0 2.4 1.6
3H3 4 0 1.5
3H3 5 0 1.5 1.6
3H3 25 0 1.2 1.3 1.4 1.5
3H3 3 0 1.2
3H3 1 0 1.2
3I4 3 0 2.2
3I4 1 0 3.2 1.3 1.4 1.7
3I4 7 0 1.8
3I4 25 0 1.2 1.3 1.4 2.5
3I4 5 0 1.8
3J2 3 0 5.2 2.3 2.4 4.5 2.6 2.7 1.8
3J2 2 0 1.4 1.5 1.6 1.7
3J2 7 0 1.5 1.6 1.9
3J2 25 0 2.2 2.4 1.5
3J2 9 0 1.9
3J3 3 0 2.2 2.3 1.4 2.6 2.7 1.9
3J3 25 0 3.2 3.3 1.4 1.5 1.7
3J3 2 0 1.2 2.3 1.8
3J3 7 0 1.2
3J3 5 0 1.2 3.3 1.6
4E1 7 0 1.8 2.9
4E1 2 0 1.2 1.4 1.6 1.9
4E1 8 0 1.4
4E1 3 0 4.2 5.3 1.4 2.5
4E2 5 0 1.2 2.3 1.5
4E2 8 0 1.4 1.5 1.6 1.7 1.9
4E2 3 0 3.3 1.4 1.5
4E2 7 0 1.6
4E3 7 0 2.2 1.3 2.4 2.6 2.7 2.8 1.9
4E3 3 0 1.2 1.3 1.5
4E3 8 0 1.9
4E3 5 0 1.5
4E4 1 0 1.3 1.4 1.5 1.7
4E4 5 0 2.3
4F1 1 0 1.9
4F1 5 0 1.2 1.3
4F1 10 0 4.2 3.3
4F1 7 0 1.2
4F1 7 0 1.2
4F2 1 0 1.3
4F2 16 0 1.7
4F2 5 0 1.6
4F3 5 0 2.2 1.3 1.4 1.5
4F3 1 0 1.2 1.3
4F3 7 0 6.2 3.3 3.4 1.5 1.7 1.8
4F4 5 0 4.2 2.4 1.7
4F4 10 0 2.2 1.3
4G1 1 0 6.2 4.3 2.4 3.5 3.6 2.8 1.9
4G1 7 0 1.3 1.9
4G1 2 0 1.4 1.8 1.9
4G1 3 0 6.2 1.3 3.4 2.5 2.6 1.8
4G1 4 0 1.5 1.8
4G1 5 0 2.2 3.3 1.4
4G1 6 0 1.6
4G1 8 0 1.7
4G2 1 0 8.2 4.3 3.4 4.5 2.6 1.7
4G2 5 0 1.3 1.7
4G2 7 0 7.2 2.3 1.4
4H1 7 0 1.7
4H1 4 0 1.3 1.5 1.6
4H1 1 0 1.2 3.3 1.4
4H2 1 0 3.2 2.3
4H2 2 0 1.7
4H2 4 0 1.5
4H3 7 0 1.2 1.3 1.5 2.8
4H3 2 0 1.3
4H3 4 0 1.4
4I1 7 0 7.2 9.3
4I1 4 0 1.2 1.5 2.8 2.9
4I1 3 0 1.2 2.3
4I1 25 0 3.2 1.3 1.5
4I2 1 0 4.2 3.3 1.4 2.5 1.9
4I2 7 0 3.2 3.3 2.4 2.6 1.7
4I2 3 0 1.2 2.4 2.5 3.6 1.7
4I2 4 0 1.3 2.4 1.5 3.6 1.7 1.9
4I2 2 0 1.2 1.9
4I3 3 0 2.3 1.4 3.5 1.6 1.7 1.8 1.9
4I3 5 0 1.4
4I3 4 0 1.6
4I3 7 0 1.2 1.4 1.5
4I4 25 0 9.2 12.3 3.4
4I4 3 0 1.2
4I4 5 0 1.8 1.9
4I4 7 0 1.2 2.3 1.7 1.9
4I4 2 0 1.7
4I4 1 0 1.2 2.3
4I4 4 0 1.2
4J1 3 0 3.2 1.4 3.6 1.8
4J1 7 0 1.3 1.7
4J1 5 0 1.4
4J1 4 0 2.2
4J2 1 0 1.3 1.4 1.5 1.6
4J2 2 0 1.3
4J2 5 0 1.7
4J2 7 0 1.5 1.6
4J3 3 0 3.2 2.3 1.4 3.5 1.6
4J3 7 0 1.6
4J3 4 0 1.2 1.4
4J3 2 0 1.2 2.3 1.4
5D2 7 0 1.3 1.7 1.9
5D2 1 0 1.5
5D2 3 0 1.2 1.3 1.5 1.9
5D2 12 0 1.3
5D4 1 0 2.2
5D4 8 0 1.2
5D4 3 0 1.2 1.3 1.9
5D4 7 0 1.5 1.9
5D4 5 0 2.2 2.3
5E1 7 0 2.2 1.5 1.8
5E1 3 0 1.4
5E1 5 0 1.8
5E1 4 0 1.2
5E1 7.1 0 1.2 6.3 1.4
5E3 7 0 2.2
5E3 3 0 1.4
5E3 8 0 1.6 1.7
5F1 3 0 4.2 4.3 7.4 5.5 2.6 4.7 4.8
5F1 5 0 3.2 5.3
5F3 3 0 2.6 1.8
5F3 5 0 1.4 2.6
5F3 7 0 2.2 1.3 1.5 1.7
5F4 3 0 3.2 4.3 6.4 4.5 1.6 1.8
5F4 5 0 1.4
5F4 7 0 1.3 1.5
5H3 1 0 3.3 3.4 1.6
5H3 2 0 1.4
5H3 7 0 5.2 2.3 1.5 1.6
5I1 7 0 1.3 1.4 2.5 1.6 1.9
5I1 8 0 5.2 1.3 5.4
5I1 4 0 1.3 2.4 1.5 1.9
5I1 3 0 2.2 2.3 1.5 1.6
5I1 1 0 1.3
5I1 2 0 1.4 1.5
5I4 2 0 1.5 1.9
5I4 4 0 1.3
5I4 3 0 1.2 1.3
5I4 1 0 3.2
5I4 7 0 1.2 2.3 1.4 2.9
5J1 25 0 18.2 6.3 2.4
5J1 1 0 3.2 2.3 1.7
5J1 3 0 1.2 1.3
5J1 9 0 1.7
5J1 7 0 7.2 4.3 2.4 1.5 1.7
5J2 20 0 1.8
5J2 1 0 3.2 4.3 1.7 1.8
5J2 5 0 1.2 2.4 1.7
5J4 7 0 3.2 1.3
5J4 5 0 2.6 1.8
5J4 3 0 1.5
6D2 7 0 3.2 1.3 2.5
6D2 5 0 1.2 1.3 1.6
6D2 1 0 1.2
6D3 3 0 1.3
6D3 5 0 1.8
6D3 7 0 1.2
6D3 8 0 1.2 1.7 1.8
6D4 7 0 1.2 1.4 1.5 2.6 1.7 1.8
6D4 5 0 1.3
6D4 6 0 1.4
6E1 5 0 2.2
6E1 25 0 2.2 4.3 1.4 1.5
6E1 7 0 1.2 2.3
6E1 8 0 1.3 1.6 1.8
6E3 5 0 3.3 1.4 5.5 1.6
6E3 4 0 1.4
6E4 5 0 4.4 3.5 4.6 1.7 2.9
6E4 7 0 1.2 1.3 1.4 1.8
6E4 4 0 2.2 1.6
6E4 2 0 1.6
6F1 3 0 1.3 1.6
6F1 5 0 1.2 1.5
6F2 2 0 1.2 1.3 1.8 1.9
6F2 7 0 1.3
6F2 5 0 2.4 2.6 1.7
6F3 25 0 1.2 2.3 5.4 3.5 1.8
6F3 5 0 1.5
6F3 6 0 1.9
6F3 4 0 1.2
6G1 1 0 1.3
6G1 6 0 1.3 1.9
6G1 3 0 2.5
6G1 7 0 1.2 1.4 2.5 1.8 1.9
6G1 2 0 1.2 1.3
6G2 1 0 12.2 12.3 7.4 3.5 2.6 1.8
6G2 3 0 1.2 1.4 1.5 1.6 1.9
6G2 7 0 7.2 4.3 2.4 1.7 1.8
6G2 9 0 1.4
6G2 2 0 1.2 1.4
6G2 5 0 1.9
6G3 3 0 2.2 4.3 3.4 1.5 1.6 1.7
6G3 1 0 2.2 3.3 3.4
6G3 7 0 1.8
6G3 2 0 1.3
6G4 3 0 2.2 3.3 5.4 1.6 1.9
6G4 2 0 1.4
6G4 7 0 1.5 1.6
6G4 25 0 1.2
6H2 1 0 7.2 6.3 4.4 3.5 1.7 1.8
6H2 8 0 1.3 2.8
6H2 7 0 1.2 1.8
6H2 3 0 4.2 1.3 2.4 1.5 1.6 1.7 1.8
6H4 3 0 2.2 4.3 1.4
6H4 7 0 1.3 1.4
6H4 2 0 1.5
6H4 5 0 1.6 1.9
6I2 3 0 1.2 1.4
6I2 25 0 5.2 5.3 1.5 1.6
6I2 1 0 1.2
6I3 7 0 1.2 2.3 2.7 1.8
6I3 2 0 1.4 1.6 1.8
7C1 5 0 1.9
7C1 12 0 1.3
7C1 9 0 1.9
7C2 5 0 1.3 1.7 1.9
7C2 1 0 1.8
7C2 7 0 3.3 1.7
7C2 16 0 1.3
7C2 12 0 1.5
7C3 6 0 1.5
7C3 5 0 3.2 2.3 1.5 1.6
7C3 1 0 1.2 1.8
7C4 7 0 3.2 1.3 1.4 1.6 1.9
7C4 1 0 1.3
7C4 3 0 1.3 1.4 1.8
7C4 6 0 1.2 1.3
7C4 13 0 1.9
7C4 5 0 3.3 2.4 2.5
7D1 1 0 2.2 3.3 1.4 2.6
7D1 4 0 1.3
7D1 5 0 2.2 1.3 1.5
7D1 6 0 1.2 1.4
7D4 5 0 1.3
7D4 3 0 1.3 1.4 1.5 2.6
7E1 5 0 1.2 1.4 1.6 1.9
7E1 7 0 1.2 1.3 1.4 1.5 1.8
7E1 3 0 2.2 2.4
7E1 25 0 1.2 3.3 1.4 1.6
7E1 2 0 1.7
7E3 25 0 3.3 1.4 1.5 2.7 1.8 1.9
7E3 3 0 2.2 2.3 1.5
7E3 6 0 1.9
7E3 7 0 1.3 1.4 4.6 1.7 1.9
7F2 3 0 14.2 9.3 8.4 1.5
7F2 2 0 1.2 1.3 1.4 1.6 1.7 1.9
7F2 7 0 1.3 1.4 1.7
7F3 5 0 2.2 2.3 2.4 2.5 2.6
7F3 6 0 1.2 1.3
7F3 3 0 1.2 3.3 5.4 2.5 3.6 4.7 3.8 2.9
7F3 4 0 1.2
7F3 8 0 1.3 1.8
7F4 3 0 2.2 5.3 4.4 9.5 2.6 6.7 1.8
7F4 7 0 1.2 2.3 1.7
7F4 5 0 1.2 1.3 1.4 3.7
7G1 1 0 5.2 4.3 2.4 3.5 4.6 5.7
7G1 3 0 1.2 1.6
7G1 7 0 1.9
7G1 5 0 1.8
7G1 25 0 1.5 1.6 1.7
7G1 8 0 1.8 2.9
7G2 0 0 0
7G3 1 0 5.2 3.3 4.4 1.5 1.6 1.8
7G3 3 0 5.2 4.3 4.4 2.5 1.7
7G3 7 0 1.4 2.6 2.7 1.8 1.9
7G3 5 0 1.8
7G3 8 0 1.6 1.8
7G3 2 0 1.4 1.7
7G4 2 0 1.2 2.3 2.4 2.6 2.7 3.9
7G4 3 0 6.2 2.3
7G4 5 0 1.9
7G4 11 0 1.3
7G4 7 0 1.8
7H1 7 0 1.5
7H1 2 0 1.9
7H1 3 0 2.2 4.3 1.4
7H1 25 0 4.2 1.3 1.5
7H4 5 0 1.3
7H4 2 0 1.2 1.4 1.5 1.8
7H4 7 0 1.4 3.6 2.8 2.9
7H4 3 0 1.6
8C1 1 0 1.5 1.6
8C1 5 0 1.2 1.4 1.6
8C2 5 0 1.3 2.8 1.9
8C2 1 0 1.3 2.4 2.7 1.9
8C2 7 0 1.4
8C3 7 0 5.2 6.3 2.4 1.7 1.8
8C3 5 0 3.2 1.4 1.6 2.8
8C3 1 0 1.3
8C3 5 0 3.2 1.7 1.8
8C3 7 0 10.2 7.3 2.4 1.7
8C3 1 0 1.3 1.8
8C4 7 0 2.2 1.3 1.4 1.7
8C4 3 0 1.9
8C4 6 0 1.6
8D1 1 0 1.5
8D2 3 0 1.4 2.5 1.7
8D2 1 0 1.7
8D2 5 0 1.2 1.4
8D3 7 0 1.2 1.3 1.7
8D3 5 0 2.3 1.5
8D3 3 0 1.4
8D3 6 0 1.4
8D3 1 0 1.8
8D4 3 0 6.2 5.3 5.4 4.5 1.6 2.8 1.9
8D4 6 0 2.4 1.8
8E1 3 0 1.2 4.3 7.4 5.5 8.6 3.7 2.8
8E1 5 0 1.2
8E1 7 0 1.3
8E1 6 0 1.5 1.7
8E3 3 0 1.2 1.8
8E3 5 0 3.2 1.3 1.4 1.5
8F1 7 0 2.4 1.8
8F1 3 0 1.2 2.3 1.7
8F1 1 0 1.3
8F1 8.1 0 1.3 1.4
8F2 3 0 9.2 14.3 8.4 3.5 6.6 2.7 4.8 1.9
8F2 6 0 1.3
8F2 5 0 1.2 3.3
8F2 7 0 1.6 1.7
8F3 4 0 1.3 1.4
8F3 3 0 9.2 11.3 6.4 11.5 5.6 3.7 1.8 1.9
8F3 2 0 1.5 1.6 1.8
8F3 7 0 1.6
8F3 8 0 1.2
8F3 5 0 1.4
8F4 3 0 9.2 8.3 8.4 8.5 4.6 1.7 2.8 1.9
8F4 5 0 1.3
8F4 7 0 1.4 2.6 1.7
8H1 4 0 2.2 2.3 3.7 1.8 1.9
8H1 3 0 5.2 3.3 3.4 3.5 3.6 1.7 1.8
8H1 5 0 2.2
8H1 1 0 1.4
8H1 2 0 1.2 3.3 1.4 1.5
8H1 7 0 1.3 2.5 2.7
8H2 3 0 6.2 1.3 3.4 1.6 2.7
8H2 7 0 3.2 1.3 2.5 1.6 1.9
8H2 4 0 1.2 2.3
8H2 1 0 5.2 1.3
8H3 7 0 8.2 3.3 1.4 2.5 1.6
8H3 3 0 2.2 1.3 1.4
8H3 2 0 2.2 2.3 1.4
8H4 5 0 1.8 1.9
8H4 7 0 1.3 1.5 1.6 1.8
8H4 4 0 4.2 1.3 2.4
8H4 3 0 1.9
8H4 9 0 1.3 1.8
8H4 2 0 1.8
8I1 7 0 3.2 3.3 2.4 3.6 3.7 1.8
8I1 2 0 1.5
8I1 25 0 4.2 5.3 1.5
8I1 4 0 2.9
8I2 4 0 3.2 2.5
8I2 25 0 2.4 1.6
8I3 1 0 10.1 5.3 5.4
8I3 4 0 1.2 1.4 2.5 2.6
8I3 5 0 1.2 1.5
8I3 25 0 3.2 2.3 1.4 2.5
8I3 3 0 1.9
8I3 7 0 1.7
