3J1A.1   5.0   2.2
3J1A.1   1.0   1.2
3J1A.1   2.0   1.3
3J1A.1   7.0   1.1   4.2
3J1A.2   1.0   1.1
3J1A.2   7.0   2.1   1.2
3J1A.2   2.0   1.2
3J1A.2   5.0   1.1   1.2
3J1A.3   1.0   2.2
3J1A.3   7.0   1.1
3J1A.4   0     0
3J2C.1   7.0   1.1   1.2
3J2C.1   5.0   1.2
3J2C.2  25.1   2.2
3J2C.2   7.1   1.2   7.3   2.4
3J2C.2   1.0   2.2
3J2C.2   7.0   1.1   1.2
3J2C.3   1.0   1.1
3J2C.3   7.0   2.1   5.2
3J2C.3   5.1   2.2
3J2C.3   9.0   1.2
3J2C.3  25.0   1.2
3J2C.4   1.0   1.1   3.2
3J2C.4   7.0   5.1   2.2
3J2C.4   2.0   1.2
3J2C.4   3.0   2.2
4I1B.1   5.0   1.2
4I1B.2   7.0   3.2
4I1B.2   1.0   1.2
4I1B.2   5.0   1.2
4I1B.3   7.0   1.1
4I1B.3   4.0   1.2
4I1B.4   0     0
4I3D1.1  4.0   1.1
4I3D1.2  1.0   1.2
4I3D1.3  6.0   1.2
4I3D1.4  0     0
4I3D2.1  5.0   2.2
4I3D2.2  5.0   1.3
4I3D2.3  5.0   2.2
4I3D2.3  1.0   3.2
4I3D2.4  1.0   1.1   1.2
4I3D2.4  5.1   3.3
4I3D2.4  5.0   1.1   1.2
5J1D.1   1.0   1.2   2.3
5J1D.1  25.0   1.2   7.3   3.4
5J1D.1   7.0   3.3
5J1D.2  25.1   2.3
5J1D.2   7.0   1.4
5J1D.2   1.0   1.2   1.3
5J1D.2  25.0   2.1   1.2   1.3
5J1D.2   5.1   5.3   3.4
5J1D.3   5.0   1.2
5J1D.4   1.0   3.2   1.3
5J1D.4   7.0   1.1
4I2A.1   0     0
4I2A.2   7.0   1.1
4I2A.3   1.0   1.2
4I2A.3   7.0   1.1
4I2A.4   0     0
4I2A.4   0     0
3G4D.1   9.0  95.1   2.2
3G4D.1   2.0   1.1
3G4D.1   8.0   1.2
3G4D.1   7.0   1.1
3G4D.2   1.0   1.2
3G4D.2   8.0   4.2   1.3
3G4D.2   9.0   7.1   6.2
3G4D.2   4.0   1.1   1.2
3G4D.3   7.0   2.1
3G4D.3   4.0   1.1   1.2
3G4D.3   8.0   4.1   5.2
3G4D.4   9.0 101.1   2.1
3G4D.4   8.0   2.1   1.2
3G4D.4   7.0   3.1
3G4D.4   4.0   2.1   1.2
3G2B.1   5.0   1.2   4.3
3G2B.1   6.0   1.2   1.3
3G2B.2   7.0   2.2
3G2B.2   1.0   1.1
3G2B.3   7.0   2.2
3G2B.3   1.0   2.2   1.3
3G2B.3   8.0   3.2
3G2B.4   7.0   1.1   2.2   2.3
3G2B.4   5.0   4.3
3G2B.4   6.0   1.2   4.3
3G2B.4   1.0   1.2
3E1C.1  10.0   8.3   2.4
3E1C.1   7.0   2.2   3.3
3E1C.1  16.0   1.2
3E1C.1  15.0   1.3
3E1C.2   9.0   1.3
3E1C.2  15.0   3.3
3E1C.2  10.0   1.3
3E1C.2   3.0   1.2
3E1C.3   7.0   1.1   1.2   5.3   1.4
3E1C.3   5.0   1.2   1.3   1.4
3E1C.3  15.0   1.3
3E1C.4  15.0   1.4
3E1C.4  12.0   1.3
3E1C.4   7.0   1.3
3E2A.1  10.0   1.3
3E2A.1   7.0   1.3
3E2A.1   8.0   1.2   5.3
3E2A.1   1.0   1.2
3E2A.1   9.0   1.2   6.3
3E2A.2   7.0   1.2
3E2A.3   1.0   2.2
3E2A.3   7.0   1.2
3E2A.4   1.0   2.2
3E2A.4   7.0   2.2
3E2A.4   3.0   1.2
4F1B.1   6.0   1.3
4F1B.1   1.0   1.3
4F1B.2   5.0   1.3
4F1B.2   7.0   1.1
4F1B.3   7.0   3.1   1.2
4F1B.3   1.0   1.1
4F1B.4   7.0   1.1
4F2C.1   0     0
4F2C.2   5.0   1.3
4F2C.3   6.0   1.1
4F2C.4   0     0
4F2A.1   7.0   1.2
4F2A.2   0     0
4F2A.3   5.0   1.2
4F2A.4   0     0
4F4A.1   0     0
4F4A.2   0     0
4F4A.3   7.0   1.1   1.2
4F4A.4   0     0
4F1A.1   0     0
4F1A.2   1.0   2.2
4F1A.2   7.0   1.1
4F1A.2   5.0   1.2   1.3
4F1A.3   5.0   1.1
4F1A.4   0     0
4F3A.1   0     0
4F3A.2   8.0   1.1
4F3A.2   1.0   1.2
4F3A.3   1.0   1.1   1.2   1.3
4F3A.3   5.0   1.2   1.3
4F3A.3   7.0   1.2
4F3A.4   0     0
4G1B.1   1.0   2.3
4G1B.1   7.0   1.3
4G1B.1   5.0   1.3
4G1B.2   5.0   1.1   1.2
4G1B.2   1.0   1.3
4G1B.3   5.0   1.2
4G1B.3   9.0   2.2   1.3
4G1B.3   7.0   5.1   7.2   2.3
4G1B.3   5.1   2.2
4G1B.4   7.0   1.1   2.2
4G1B.4   1.0   1.1   1.2   2.3
4G2C.1   1.0   1.1
4G2C.2   0     0
4G2C.3   0     0
4G2C.4   7.0   1.1
5G1A.1  16.0   2.2
5G1A.1   7.0   8.2
5G1A.1   1.0   1.2   1.3
5G1A.1   5.0   1.2
5G1A.1   9.0   1.2
5G1A.2  12.0   3.3
5G1A.2   7.0   2.2   1.3
5G1A.2   3.0   1.3
5G1A.2   6.0   1.3
5G1A.2   5.0   1.2
5G1A.2   1.0   1.2
5G1A.3   7.0   1.2   3.3
5G1A.3   9.0   6.2
5G1A.3  10.0   1.3
5G1A.4   7.0   7.2
5G1A.4   1.0   1.2
5G1A.4   9.0   1.2
5G1A.4   8.0   4.2
4G2B.1   6.0   1.3
4G2B.1   5.0   2.3
4G2B.1   7.0   2.2
4G2B.1   1.0   2.3
4G2B.2  10.0   2.3
4G2B.2   7.0   2.2   4.3
4G2B.2   1.0   1.3
4G2B.3   1.0   2.3
4G2B.3   7.0   2.1   3.3
4G2B.3   5.0   1.2   2.3
4G2B.3   9.0   1.3
4G2B.4   7.0   1.1   1.2   1.3
5E3B.1   3.1   3.2
5E3B.1   3.0   4.2  10.3
5E3B.2   7.0   2.2
5E3B.2   3.1   1.2
5E3B.2   5.0   1.2
5E3B.3   7.0   2.1   4.2
5E3B.3   8.0   3.1   4.2
5E3B.3   1.0   3.2
5E3B.3   5.0   1.1
5E3B.4   4.0   2.1
5E3B.4   8.0   4.2
5E3B.4   7.0   2.1   2.2
5E3B.4   1.0   2.2
5E3B.4   3.0   1.2
5E3B.4   9.0   1.2
5E3F.1   2.0   2.2
5E3F.1   3.1   5.2   3.3
5E3F.2   7.0   5.1   1.2
5E3F.2   1.0   1.1   3.2
5E3F.2   5.0   1.2
5E3F.3   8.0   4.1   4.2
5E3F.3   7.0   3.1   2.2
5E3F.3   1.0   1.1   1.2
5E3F.3   3.0   1.2
5E3F.3   9.0   4.1   7.2
5E3F.4   1.0   2.1
5E3F.4   7.0   3.2
5E3F.4   5.0   1.2
5E3F.4   9.0   5.2   4.3
5E3F.4   8.0   5.2
5E3F.4   6.0   1.2   3.3
5E3F.4   3.0   1.1   1.2   1.3
5E1D.1   8.0   2.2   3.3
5E1D.1   7.0   2.2
5E1D.2   4.0   1.2
5E1D.2   8.0   1.2
5E1D.2   9.0   1.2
5E1D.2   7.0   2.2
5E1D.3   7.0   2.1   1.2   1.3
5E1D.3   4.0   2.1   4.2
5E1D.3   8.0  17.2   7.3
5E1D.3   9.0   1.2   1.3
5E1D.4   7.0   2.1
5E1D.4   1.0   1.1
5E2A.1   7.0   1.1   6.2
5E2A.1   8.0   1.1   2.2   1.3
5E2A.1   5.0   3.3
5E2A.2   7.0   5.1   7.2   6.3   2.4
5E2A.2   8.0   3.3
5E2A.2  16.0   2.3
5E2A.2   3.0   1.2
5E2A.2   7.1   3.2   4.4
5E2A.3   8.0   1.1   1.2   1.3
5E2A.3   7.0   1.2
5E2A.4   7.0   1.1   5.2   1.3
5E2A.4   9.0   7.3   1.4
