4D11 12 3.1 5.2
4D11 16 1.2 4.3
4D12 3  2.2 4.3
4D12 1 2.2
4D12 7  2.2
4D13 12 7.1 18.2 1.4
4D13 16 1.2
4D14 12 4.1 3.2
4D21 3  10.3
4D21 7  1.1
4D22 13 1.2
4D22 7  2.1
4D23 3  1.2 2.3
4D24 4  11.1 1.2
4D24 5  1.2 1.3
4D24 12 2.3
4D31 12 1.2 2.3
4D31 5  1.2 1.3
4D32 0  0   0
4D33 7  1.1
4D33 8  2.2
4D34 0  0   0
4D41 3  2.2 1.3
4D41 2  1.2
4D41 7  1.1 10.2 2.3
4D41 1  3.2
4D41 8  1.3
4D42 7  7.1 11.2
4D42 1  2.1
4D43 7  6.1
4D43 5  1.2
4D43 1  3.1 1.2
4D44 5  1.1 2.2
4D44 8  3.2 1.3
4D44 7  2.1 1.2
4D44 16 1.2
5D11 3  3.3
5D11 7  1.1
5D12 3  1.2 1.3 2.4
5D13 7  2.1
5D13 3  1.2
5D13 1  3.1 1.2
5D14 3  1.2 2.3 1.4
5D21 7  3.1 2.2
5D21 1  1.1
5D22 5  1.1
5D22 7  1.1
5D23 5  1.3
5D24 5 1.3
5D31 8  1.3
5D31 3  1.3
5D32 3  1.2 2.3
5D33 7  6.2 1.4
5D33 5  2.2
5D33 3  1.2
5D34 1  3.1 6.2
5D34 7  1.1
5D34 3  1.3
5D34 5  2.2
5D41 5  1.1 2.2 1.3
5D41 1  1.3
5D41 3  2.3 2.4
5D41 7  1.1
5D42 5  3.2
5D43 7  1.1 1.2
5D43 5  2.2
5D43 1  2.2 1.3
5D44 5  4.2 4.3
5D44 7  7.1
5D44 3  1.3
5D44 1  2.2
3E11 3  2.1
3E11 1  1.1
3E11 7  2.2
3E11 12 2.2
3E11 5  1.2
3E12 7  4.1 3.2
3E13 7  1.2
3E14 0  0   0
3E21 0  0   0
3E22 5  2.2
3E23 7  1.1
3E24 7  6.1 2.2
3E24 5  1.2
3E24 8  1.2
3E24 1  1.1
3E31 7  10.1 11.2 1.3
3E31 12 3.1 22.2 8.3
3E31 1  1.1
3E31 5  2.2 4.3
3E32 12 4.1 33.2 12.3
3E32 7  10.1 27.2 1.3
3E32 5  1.2
3E32 16 1.2
3E32 1  1.2
3E33 7  36.1 3.2
3E33 5  1.2
3E33 15 1.3
3E34 12 1.1 3.2
3E34 5  1.2 1.3
3E41 1  1.2
3E42 1  1.2
3E42 6  1.1 1.2
3E42 5  2.2
3E42 12 1.2 2.3 1.4
3E43 5  2.1 4.2
3E43 3  1.1
3E43 12 1.2
3E43 1  1.1
3E44 7  1.1
4E11 7  2.2
4E11 3  2.3
4E11 1  1.1
4E12 2  1.1
4E12 7  3.1
4E13 1  6.1 2.2
4E13 7  2.1
4E14 7  1.1
4D14 1  3.1
4E21 6  1.3
4E21 5  1.2
4E22 1  1.2
4E23 1  1.2
4E24 5  1.2
4E24 8  2.3
4E24 7  1.2 1.3
4E31 7  6.1
4E31 1  2.1 1.2
4E32 7  1.2 1.3
4E32 5  1.1
4E33 7  4.1 3.2
4E34 7  5.1 2.2 1.3
4E34 1  3.2
4E41 0   0    0
4E42 0   0    0
4E43 0   0    0
4E44 0   0    0
5E11 7  2.2
5E12 1  1.4
5E12 8  1.4
5E13 1  2.1
5E14 7  2.1
5E21 12 1.1 4.2 1.3
5E21 3  1.3
5E22 12 1.3
5E22 3  1.2
5E22 7  3.1
5E23 7  2.1
5E23 29 2.1 5.2
5E23 5  1.2 1.3
5E23 1  1.1
5E24 0  0   0
5E31 8  1.3
5E31 7  5.1
5E31 16 1.1 3.3
5E31 1  1.2
5E32 7  4.2
5E32 1  2.1
5E33 1  12.1 3.2
5E33 7  12.1
5E34 7  7.1 1.2
5E34 1  1.1
5E41 7  2.1 3.4
5E41 3  1.3
5E42 3  1.2 1.3
5E43 7  2.2
5E43 5  1.2
5E44 3  1.2
3F11 7  3.1 1.3
3F11 3  1.3
3F11 2  1.2
3F11 5  1.3
3F12 3  7.3
3F12 7  2.4
3F12 5  2.2
3F12 2  1.1
3F13 7  1.1
3F13 3  4.3
3F14 7  3.1 2.2
3F14 29 1.2
3F14 3  5.2 4.3
3F14 8  1.1 5.2 5.3
3F14 2  1.2
3F14 5  1.2
3F21 7  1.1 2.2
3F21 3  2.3
3F21 5  1.3
3F21 6  3.2
3F21 1  1.1
3F22 3  2.2 1.3
3F23 3  2.2
3F23 6  1.2
3F23 1  1.1
3F23 12 3.2 2.3
3F23 5  3.2
3F24 5  1.2
3F24 6  3.2
3F24 7  1.2
3F31 7  4.1
3F32 7  16.1 2.2
3F32 1  4.1 2.2
3F32 2  1.1 2.2
3F32 8  1.2
3F33 7  10.1
3F33 1  1.1
3F34 7  18.1
3F34 3  1.2
3F34 1  2.1
3F34 2  1.1
3F41 1  2.1 2.2
3F41 7  1.1
3F42 1  3.1
3F42 12 1.1
3F42 3  1.1
3F43 6  2.2
3F43 1  2.1
3F44 1  5.1 5.2
3F44 5  5.2
4F11 0  0   0
4F12 0  0   0
4F13 0  0   0
4F14 5  4.2
4F14 7  2.1 1.2
4F21 10 5.3
4F21 5  2.2
4F22 0  0   0
4F23 0  0   0
4F24 0  0   0
4F31 1  1.1 1.2
4F31 5  4.2
4F32 7  1.1
4F33 5  2.2
4F33 7  1.1 1.2
4F33 1  1.1 5.2 1.3
4F34 7  6.1 1.2
4F41 5  1.2
4F42 5  1.2
4F43 1  1.2
4F44 0  0   0
5F11 7  2.1 6.2
5F11 1  1.2 2.3
5F11 3  1.2
5F12 1  4.1 7.2
5F12 7  3.2
5F12 5  1.3
5F12 6  1.3
5F13 7  16.1 2.2
5F13 5  4.2
5F13 1  1.1
5F13 3  1.3
5F14 7  3.1
5F21 7  1.1
5F22 7  1.1
5F23 7  4.1
5F24 7  19.1
5F31 7  8.1 3.2 2.3
5F31 1  4.1
5F32 7  1.2
5F32 1  1.4
5F33 1  4.1
5F33 7  2.1
5F34 7  3.1 5.2
5F34 1  3.1 2.2
5F34 5  1.2
5F41 3  3.3
5F41 7  1.1
5F42 7  2.1
5F43 7  3.1 1.3
5F43 2  1.3
5F43 3  1.3
5F43 1  2.1
5F44 5  1.3
3G11 7  37.1
3G11 1  2.1 2.2
3G11 3  1.2
3G12 7  8.1
3G12 1  2.1
3G12 4  1.1
3G12 5  1.1
3G13 1  2.1 2.2
3G13 3  3.3
3G13 7  8.1 3.2 1.3
3G13 4  1.1
3G13 29 1.2
3G13 8  1.2
3G14 7  2.1
3G14 1  1.1 1.2
3G14 5  1.1
3G14 8  1.2
3G21 1  2.1 7.2
3G21 7  8.1 3.2 1.3
3G21 5  1.2
3G21 6  5.2 1.3
3G22 7  56.1 4.2
3G22 1  1.1 6.2
3G22 5  4.2 2.3
3G22 8  2.2 3.3
3G22 6  1.1 1.2
3G22 3  1.3
3G22 29 1.2 2.3
3G23 1  1.1 1.2 1.3
3G23 7  15.1 2.2
3G23 16 1.2
3G24 1  1.1 5.2 1.4
3G24 7  5.1 1.2
3G24 8  1.3
3G24 3  1.2
3G31 1  4.1 1.2
3G31 7  5.1
3G32 4  2.3
3G32 7  1.1 5.2 1.3
3G32 3  1.2
3G32 5  1.2
3G32 1  1.2
3G33 1  2.1
3G33 25 1.2
3G33 3  3.2
3G34 7  10.1 4.2
3G34 1  3.1
3G34 3  1.2
3G34 25 1.2
3G34 4  1.1
3G41 7  3.1
3G42 7  6.1 2.2
3G42 29 1.1 10.2 2.3
3G42 1  1.1 1.2
3G43 0  0   0
3G44 1  1.2
3G44 7  1.1
4G11 1  1.1 1.3
4G11 6  1.2 3.3
4G11 8  1.3
4G11 7  2.1
4G12 1  1.1 11.2 8.3
4G12 7  6.1 5.2
4G13 1  1.1 2.2 2.3
4G13 7  2.1
4G13 3  5.2
4G14 6  5.2 1.3
4G14 7  5.1
4G14 3  1.2 1.3
4G14 5  1.1
4G14 1  1.1
4G21 7  1.1 2.2
4G21 1  1.2 1.3
4G21 5  2.2
4G22 1  4.1
4G22 7  2.1 3.2
4G22 5  3.2
4G22 3  1.3
4G23 1  3.1 1.3
4G23 6  1.2
4G24 7  2.1 8.2 1.3
4G24 1  1.1 1.2
4G24 5  1.2
4G31 7  3.1
4G32 2  1.2 1.3
4G32 7  2.1 1.2
4G33 0  0   0
4G34 0  0   0
4G41 7  1.1
4G41 6  1.2
4G42 7  2.1 2.2
4G42 6  1.2
4G43 7  2.1
4G43 1  1.1
4G44 7  1.1 5.2
4G44 5  1.1
4G44 6  1.2
4G44 1  1.1
5G11 1  8.2
5G11 7  42.1 10.2
5G12 7  31.1 3.2
5G12 1  1.1 1.2
5G12 5  1.2
5G13 1  10.2
5G13 7  24.1
5G13 5  2.2
5G13 6  1.2
5G14 7  44.1 4.2
5G14 1  6.2
5G14 6  1.2
5G14 3  1.3
5G21 7  1.2
5G21 1  1.2
5G21 3  1.3
5G22 29 3.2
5G22 3  1.2
5G23 3  2.1 21.2 3.3
5G24 7  1.2
5G24 3  4.2
5G24 5  2.2
5G24 1  1.1 2.2
5G24 29 1.2
5G24 6  1.2
5G31 7  6.1
5G32 7  15.1
5G32 3  2.3
5G32 5  1.2
5G33 7  21.1
5G33 1  2.1
5G33 3  1.2
5G34 7  2.1
5G34 1  3.2
5G41 5  1.1 2.2
5G41 1  3.2
5G41 7  2.1
5G41 8  2.2
5G42 5  2.2
5G42 1  1.2
5G42 7  1.1
5G42 3  2.1 5.2
5G43 5  1.1 8.2
5G43 1  1.2
5G43 7  3.1
5G44 1  3.1 2.2
5G44 7  1.1
5G44 5  1.1 1.2
3H11 7  7.1
3H11 5  1.1 1.2
3H11 4  1.1
3H12 7  3.1
3H12  1 1.1
3H12  5 1.2
3H12 5  1.2
3H13 7  19.1 2.2
3H13 1  3.1 4.2
3H13 4  1.2
3H13 2  1.1 1.2
3H14 7  10.1
3H14 1  3.1
3H14 2  1.1
3H14 5  2.1
3H21 0  0   0
3H22 7  4.1 5.2 5.3 3.4
3H22 1  1.1
3H23 7  6.1
3H23 4  1.1
3H23 2  2.1
3H23 1  1.1
3H24 0  0   0
3H31 1  1.1 1.2
3H31 7  1.1 1.3
3H32 5  1.2
3H33 1  1.1 1.3
3H33 4  1.3
3H34 1  3.2
3H41 3  1.3
3H41 7  4.1
3H42 25 1.1
3H42 2  1.2
3H42 7  3.1
3H43 7 3.1
3H43 1 1.1 1.2
3H44 3 1.3
3H44 7 1.1
3H44 8 1.2
3H44 25 2.2
4H11 0  0   0
4H12 7  3.1
4H12 1  1.1 2.2
4H13 0  0   0
4H14 0  0   0
4H21 1  1.3 4.3
4H21 7  5.1 1.3
4H22 7  15.1 5.2
4H22 5  2.2
4H22 1  1.1 1.3
4H23 1  1.3
4H23 1  1.3
4H23 7  18.1 2.2
4H23 25 1.2
4H24 1  2.2 1.3
4H31 7  2.1
4H31 2  1.1
4H32 3  1.2
4H32 2  1.1
4H32 7  1.1
4H33 7  1.1
4H33 2  1.2
4H33 5  1.1
4H33 4  1.4
4H34 7  1.1
4H34 2  1.1
4H41 7  10.1
4H41 25 1.1 2.2
4H41 2  1.3
4H42 7  2.1
4H42 1  1.1 3.2 1.3
4H42 5  1.2
4H43 7  9.1
4H44 7  79.1 0
4H44 3  1.1 4.2
4H44 1  1.1
4H44 25 1.1 3.2 1.3
4H44 2  1.1
5H11 8  1.3
5H12 5  2.2
5H12 2  1.1
5H12 1  2.2
5H12 7  1.2
5H13 5  1.2
5H13 1  1.2
5H14 1  1.1
5H21 3  2.1 3.2 2.3
5H21 7  2.1 2.2
5H22 3  2.2 3.3
5H22 1  1.1
5H23 5  2.2
5H23 7  2.1 7.2 5.3
5H23 3  2.2
5H24 7  6.1
5H24 3  1.1 1.2
5H31 7  4.1 1.2
5H31 1  2.1 1.2
5H31 5  1.3
5H32 5  1.2
5H32 7  12.1
5H32 1  1.1
5H33 1  2.2 1.3
5H34 7  2.1
5H34 5  1.2
5H34 1  1.1 1.2
5H41 3  1.2 1.3
5H42 3  8.2 1.3
5H42 9  5.3
5H43 2  1.3
5H43 3  1.1 1.2 2.3
5H44 3  2.3
5H44 7  1.1 2.2
3I11 10 5.3
3I11 7  1.3
3I12 10 1.2 8.3
3I12 7  2.1 2.2
3I12 4  1.2
3I13 7  1.1 1.3
3I13 3  1.3
3I13 1  1.1
3I14 2  1.3
3I14 7  16.1 3.2
3I14 1  1.1 3.2 1.3
3I14 3  1.1
3I14 10 2.3
3I21 7  3.1
3I21 4  1.1 1.2 1.3
3I21 3  1.3
3I22 7  3.1
3I23 3  1.2
3I23 4  2.2 1.3
3I23 7  5.1 9.2
3I23 5  3.2
3I24 3  2.2 1.3
3I24 2  1.2
3I31 10 1.3
3I32 1  1.2
3I33 7  1.1
3I34 0  0   0
3I41 1  1.2
3I41 7  3.1
3I42 1  2.3
3I42 7  2.1
3I43 7  9.1
3I44 7  4.1 1.2
3I44 1  2.2
4I11 0  0   0
4I12 1  2.1
4I12 7  3.1 1.2
4I13 7  1.1
4I13 7  1.1
4I13 2  1.3
4I14 4  1.3
4I21 7  5.1
4I21 4  1.1
4I22 7  7.1
4I23 7  1.1
4I23 1  1.1 2.2 2.3
4I24 7  1.1 3.2
4I24 4  1.2
4I31 7  3.2
4I31 5  1.2
4I31 1  2.2
4I31 1  1.2
4I32 7  3.1 1.2
4I33 7  3.1
4I33 7  1.2
4I33 3  2.2
4I33 1  1.2
4I34 1  1.1
4I34 7  1.1
4I41 7  3.1 1.2 1.3
4I41 1  1.1
4I42 3  2.2
4I42 1  1.1
4I42 5  1.2
4I42 5  1.2
4I42 7  7.1
4I42 4  2.1
4I43 7  10.1 6.2 9.3
4I43 1  5.1 2.2
4I43 3  1.1
4I44 7  8.1 1.3
4I44 1  1.1
5I11 7  3.1
5I11 4  1.3
5I11 8  3.2 3.3
5I11  1 1.3
5I12 7  18.1 5.2
5I12 1  1.1 2.2
5I12 8  1.3
5I12 3  1.3
5I13 7  56.1 1.2
5I13 1  1.1 2.2
5I14 4  2.2
5I14 7  32.1 2.2
5I14 1  2.1
5I14 2  1.1
5I21 3  2.2 5.3
5I21 7  4.1
5I21 5  1.1
5I22 3  2.2 1.3
5I22 1  1.2
5I23 7  16.1 2.2
5I23 1  1.2
5I23 5  1.1
5I23 3  1.3
5I24 7  3.1
5I24 8  1.1
5I24 3  3.2
5I31 7  1.1
5I31 1  7.1
5I31 4  1.1
5I31 5  1.1
5I31 2  1.1
5I32 4  1.2
5I32 1  1.1 3.2
5I32 4  1.4
5I33 1  2.1 2.2
5I33 7  1.1
5I34 7  3.1
5I41 1  1.1 1.3
5I41 3  2.2 1.3
5I42 1  1.2
5I42 7  1.1
5I43 3  3.2 3.3
5I43 1  1.3
5I44 7  1.2
5I44 1  1.2
3J11 7  4.1 17.2 9.3
3J11 3  1.3
3J11 1  1.2
3J11 2  1.3
3J12 5  1.2
3J12 1  1.1 1.2
3J13 2  1.2
3J14 10 5.4
3J14 2  1.1 1.2
3J14 7  1.1
3J14 5  5.2 1.3
3J14 1  1.1 1.2
3J21 7  1.2
3J22 3  3.2 2.3
3J23 7  1.1
3J23 3  1.2
3J24 2  1.1
3J31 7  26.1 1.2
3J31 1  2.1 1.2
3J31 2  1.1 1.2
3J32 3  1.3
3J33 1  1.2
3J33 3  2.2
3J33 5  1.2
3J33 7  2.1 1.2
3J33 2  3.3
3J34 3  8.2 1.3
3J34 7  11.1
3J34 2  2.1 2.2
3J34 1  1.1
3J41 7  1.1
3J41 3  1.1 1.2
3J41 6  1.2
3J42 2  3.1
3J42 1  3.1 1.2
3J42 7  1.1
3J43 7  6.1
3J43 3  3.2 1.3
3J43 1  1.1
3J44 3  1.2
3J44 1  1.1
3J44 2  2.1
3J44 6  1.2
4J11 7  4.1 18.2 1.3
4J11 1  1.1
4J12 7  2.1 1.2
4J13 7  2.1 1.2
4J14 7  2.1
4J14 1  1.1
4J21 0  0   0
4J22 0  0   0
4J23 0  0   0
4J24 5  1.2
4J24 1  1.3
4J31 1  2.1
4J31 2  1.2
4J32 7  1.1 5.2 8.3
4J32 1  1.1
4J32 3  1.3
4J33 7  2.1
4J33 1  1.3
4J34 3  1.1 4.2 1.3
4J34 1  1.2
4J34 7  1.1 1.2
4J41 7  7.1
4J41 2  1.1
4J42 7  26.1
4J42 5  1.1
4J42 1  1.1 1.2
4J43 7  5.1
4J43 1  1.2
4J44 7  8.1 2.2
4J44 1  1.1
4J44 3  1.2
5J11 1  2.2
5J11 7  2.1
5J12 7  1.1 2.2
5J12 1  1.2
5J13 1  1.1 1.2
5J13 7  3.1 2.2
5J14 1  4.2 1.3
5J14 5  1.2 1.3
5J14 7  2.1
5J21 0  0   0
5J22 0  0   0
5J23 1  1.1
5J24 0  0   0
5J31 7  4.1
5J32 7  25.1
5J32 1  2.1
5J33 7  38.1
5J33 1  3.1
5J34 7  16.1
5J41 0  0   0
5J42 7  2.1
5J42 4  1.1
5J43 0  0   0
5J43 6  1.2
5J44 6 1.2
6C11 7  4.1
6C12 7  4.1
6C12 16 2.1
6C13 7  3.1
6C13 1  1.2
6C13 16 1.1
6C14 7  1.1
6C21 7  21.1 5.2
6C21 3  1.1
6C22 7  17.1 2.2
6C22 3  1.1
6C23 7  30.1
6C24 7  36.1
6C31 12 1.1 1.2
6C31 7  50.1 2.2
6C31 5  1.2
6C31 1  4.1 4.2
6C31 3  2.1
6C31 7  17.1
6C32 5  1.2
6C32 1  3.2
6C33 5  1.1 1.2
6C33 7  1.1
6C34 7  19.1
6C34 3  1.1
6C41 1  2.2
6C41 7  6.1
6C42 1  1.1
6C42 7  4.1 18.2
6C42 5  2.2
6C43 7  29.1 2.2
6C43 3  1.2
6C43 5  2.2
6C43 1  1.2
6C44 7  2.1
6C44 5  1.3
7C11 7  2.1
7C12 7  12.1 11.2
7C12 5  1.1 5.2
7C12 9  3.2 1.3
7C13 7  9.1 1.2
7C13 5  1.1
7C13 1  1.1
7C13 16 1.2
7C14 5  6.2 2.3
7C14 7  4.2
7C21 5  4.1 8.2
7C21 7  5.1
7C22 7  8.1
7C22 5  1.1
7C23 5  1.1
7C23 7  7.1 1.2
7C23 1  1.1
7C24 16 1.1
7C24 7  3.1
7C24 5  2.1 2.2
7C31 5  2.3
7C32 5  1.2 2.3
7C32 7  1.2
7C33 0  0   0
7C34 0  0   0
7C41 5  1.1 1.2
7C41 7  3.1 2.2
7C42 1  2.2
7C42 7  4.1 3.2
7C43 5  2.3
7C43 3  1.2
7C43 7  1.1
7C43 1  1.2
7C44 5  1.2 1.3
8C11 0  0   0
8C12 0  0   0
8C13 0  0   0
8C14 6  1.2
8C21 0  0   0
8C22 5  1.2
8C23 7  2.3
8C24 7  10.1 2.2
8C31 5  1.2
8C31 7  1.1
8C32 7  2.1 3.2 3.3 1.4
8C32 6  1.3
8C33 7  2.1 13.2 3.3 1.4
8C33 12 1.3
8C33 5  1.2
8C33 6  1.2
8C34 1  1.1
8C34 6  2.2
8C34 7  6.1 4.2
8C41 7  1.2
8C41 16 1.2 1.3
8C42 1  3.2
8C42 5  1.2
8C43 7  10.1 2.2
8C43 5  1.2
8C44 5  2.2
8C44 7  1.2
8C44 1  1.1
6D11 5  1.1 1.2
6D11 3  1.3
6D11 7  2.2
6D12 1  1.2
6D13 1  1.1 1.2
6D13 3  2.2
6D14 7  5.1 1.2
6D14 5  1.2
6D14 1  1.2
6D21 7  1.1
6D22 5  1.1
6D22 7  1.1
6D23 0  0   0
6D24 7  2.2
6D24 5  3.2
6D24 1  2.2
6D31 7  10.1
6D31 1  4.1
6D32 0  0   0
6D33 7  1.1
6D34 7  1.4
6D41 7  1.1
6D42 7  2.1
6D43 0  0   0
6D44 7  1.1
7D11 0  0   0
7D12 5  1.1
7D12 2  1.2
7D13 1  1.2
7D13 7  1.1
7D14 1  1.2
7D14 4  1.3
7D21 6  1.2
7D21 5  1.2
7D21 7  1.1
7D22 1  1.2
7D22 7  2.1
7D22 5  1.2
7D23 3  2.2 1.3
7D23 1  2.1 2.2
7D23 5  1.2 2.3
7D23 7  1.2
7D24 5  1.3
7D24 7  1.2 1.3
7D31 0  0   0
7D32 0  0   0
7D33 0  0   0
7D34 0  0   0
7D41 1  1.2
7D42 5  2.2 1.3
7D43 5  1.2
7D43 1  2.1 2.2
7D44 1  6.2
8D11 0  0   0
8D12 5  0   1.2
8D13 7  6.1 2.2
8D14 0  0   0
8D21 7  15.1 2.2
8D22 7   1.1
8D22 1  1.2
8D23 7  6.1
8D23 5  1.2
8D24 7  15.1
8D24 6  3.2
8D31 7  1.2
8D31 7  4.1
8D32 7  2.1
8D33 7  1.1 1.2
8D34 7  1.1
8D41 7  2.1
8D42 7  1.1
8D42 1  1.2
8D43 0  0   0
8D44 7  2.1
6E11 0  0   0
6E12 5  1.2
6E13 8  1.2
6E13 7  1.1
6E14 1  3.3
6E14 5  3.2
6E21 7  1.1
6E22 2  1.3
6E22 7  1.1
6E22 5  1.2
6E23 2  2.1 2.2
6E23 7  8.1 1.2
6E23 1  1.1 1.2
6E23 9  2.3
6E24 7  1.1
6E24 2  1.2
6E24 16 2.1
6E31 5  1.2 2.3
6E32 1  2.3
6E33 7  1.1
6E33 1  1.1
6E34 0  0   0
6E41 0  0   0
6E42 5  3.3
6E43 5  1.1
6E43 4  1.3
6E44 7  2.1
6E44 3  1.1
6E44 4  1.2
6E44 1  1.1
6E44 5  1.3
7E11 1  1.1 2.2
7E11 5  2.2 1.3
7E12 7  19.1 2.2
7E13 5  3.1 2.2
7E13 25 1.2
7E14 1  4.1 3.2
7E14 7  5.1 2.2
7E14 7  5.1 2.2 1.4
7E14 25 1.2
7E21 3  1.1
7E22 5  4.2
7E22 1  1.2
7E23 7  5.1
7E23 1  1.1 1.2
7E23 5  1.2
7E24 1  2.1
7E24 7  4.1
7E24 3  1.1
7E24 5  1.2
7E31  1 1.1
7E31 25 1.1 1.2
7E31 7  4.1 8.2
7E32 1  5.1 1.2
7E32 7  10.1 2.2
7E33 7  14.1 4.2 3.3
7E33 1  3.1
7E33 5  1.3
7E34 7  4.1
7E34 1  4.1
7E34 5  1.1
7E34 25 1.3
7E41 1  3.1 38.2
7E41 5  2.2
7E41 4  1.2
7E42 1  9.2
7E42 7  2.1 3.2
7E42 10 1.2
7E43 5  2.3
7E44 3  1.2
7E44 1  1.2
7E44 2  1.2
7E44 7  1.2
7E44 29 3.2
7E44 7  2.2
7E44 6  1.2
8E11 1  1.1 2.2
8E11 3  1.3
8E11 7  1.1
8E12 7  3.1
8E12 3  1.2 1.3
8E13 1  1.2
8E13 5  1.1 3.2 1.3 1.4
8E13 7  3.1
8E14 7  8.1
8E14 5  1.2
8E21 0  0   0
8E22 3  3.3
8E23 3  1.3
8E24 3  1.3
8E24 7  1.1
8E31 7  5.1 1.2
8E31 1  2.1
8E32 7  16.1 5.2
8E32 1  2.1
8E32 5  1.2
8E33 7   4.1 1.2
8E33 1  1.1
8E34 1  5.1 1.2
8E44 7  7.1 3.2
8E44 3  2.2 1.3
8E41 3  9.2 10.3
8E41 6  1.2
8E42 3  2.2 4.3
8E43 25 6.1 7.2 3.3 1.4
8E43 3  3.2 1.3
8E43 7  1.1
8E43 6  1.3
8E44 3  1.1 6.2 9.3
6F11 1  1.2
6F11 7  1.1
6F12 5  1.2
6F13 5  1.2
6F14 7  2.1
6F21 1  1.2
6F21 7  1.2
6F22 7  1.1
6F22 3  2.2 1.3
6F22 5  1.2
6F23 2  3.1 1.2 1.3
6F23 5  2.2
6F24 1  1.1 2.2
6F24 7  1.1
6F24 5  2.2
6F31 7  1.1
6F31 1  1.1
6F32 0  0   0
6F33 0  0   0
6F34 0  0   0
6F41 1  1.1 4.2
6F41 7  1.1 3.2
6F41 5  1.3
6F42 5  2.2
6F42 7  2.1 4.2 1.3
6F43 7  11.1 3.2
6F43 1  2.1
6F43 6  1.2
6F44 1  3.1
6F44 7  10.1 1.2
7F11 3  1.1 1.2 5.3
7F11 1  1.1
7F11 7  2.1
7F12 7  18.1 7.2
7F12 5  2.2
7F12 3  2.2 1.3
7F13 5  1.2
7F13 7  12.1 1.2
7F13 1  1.2
7F14 7  10.1 1.2
7F14 3  1.1 5.3
7F14 1  2.1
7F14 5  1.2
7F21 3  1.2 4.3
7F21 7  1.3
7F21 5  1.2
7F22 5  2.2
7F22 3  1.3
7F23 1  2.1
7F23 5  2.2
7F23 7  2.1
7F23 6  1.2
7F24 3  5.3
7F24 1  1.2
7F24 7  1.1 2.2
7F31 3  1.1 2.3
7F31 7  5.1
7F31 5  1.2
7F31 11 1.2
7F32 3  3.2 1.3
7F32 5  1.3
7F33 1  1.1 1.3
7F33 6  1.2
7F33 5  1.3
7F33 8  1.2
7F33 7  1.1
7F34 7  10.1
7F34 5  1.2 1.4
7F41 1  1.1 1.2
7F41 5  1.3
7F42 0  0   0
7F43 5  1.1 4.2
7F43 3  2.2
7F43 1  1.2
7F43 6  1.2
7F44 8  1.3
7F44 5  3.2
7F44 7  2.1
7F44 1  2.1
7F44 3  1.3
8F11 7  1.1 7.2 3.3
8F11 1  4.1 7.2
8F11 5  1.3
8F12 1  3.1 8.2
8F12 7  1.1
8F12 3  2.2
8F12 5  1.2
8F13 1  3.1 2.2
8F13 7  1.1 1.2 1.3
8F13 5  2.2 2.3
8F13 6  1.2 1.3
8F13 8  1.3
8F14 7  2.1 2.2
8F14 1  10.1 1.2
8F21 7  1.2
8F21 3  1.2
8F22 7  2.1
8F22 1  3.1 1.2
8F22 5  1.1 1.3
8F22 6  1.1
8F22 3  1.2
8F23 1  1.1
8F24 7  2.1
8F24 5  1.2
8F31 5  3.2
8F31 1  1.1 2.2
8F31 3  1.2
8F31 7  1.2
8F32 7  3.1
8F32 3  3.2 1.3
8F32 2  1.2
8F33 3  1.1 1.2
8F33 1  1.1 5.2
8F33 4  1.2
8F33 7  2.2
8F33 5  1.3
8F34 3  1.1 2.2 3.3
8F34 5  1.3
8F34 7  1.2 1.3
8F41 3  4.2 3.3
8F41 6  1.3
8F42 3  5.2 3.3
8F42 7  8.1
8F43 3  1.2 1.3
8F43 5  1.1 6.2
8F43 1  1.1 1.2
8F44 3  7.2 4.3
6G11 0  0   0
6G12 3  1.2
6G12 7  1.1 2.2
6G12 1  3.1 1.2
6G13 1  1.1 1.2
6G14 0  0   0
6G21 7  14.1 1.2 1.3
6G21 6  1.1
6G21 1  4.2 1.3
6G22 7  5.1 8.2
6G22 1  14.2
6G22 6  1.2
6G22 3  1.3
6G22 16 1.2
6G23 16 2.2
6G23 1  2.1 7.2 2.3
6G23 6  5.2
6G23 7  4.1 2.2
6G24 6  1.2
6G24 7  8.1
6G24 3  4.2 2.3
6G24 1  4.1
6G31 1  8.1 14.2
6G31 7  5.1
6G31 3  2.3
6G31 6  1.2
6G32 1  7.1 1.2
6G32 7  3.1
6G32 3  1.2 1.3
6G32 5  1.1
6G33 1  1.1 15.2 1.3
6G33 7  3.1 2.2
6G34 1  7.1 9.2
6G34 7  1.1 2.2 1.3
6G41 5  1.1
6G42 7  2.1
6G42 5  1.1
6G42 25 1.1
6G43 25 1.1
6G43 7  4.1
6G43 5  1.1
6G43 1  2.1
6G44 5  2.1
6G44 1  2.1 2.2
6G44 7  2.1
7G11 25 2.1 6.2
7G11 1  2.1 1.3
7G11 10 1.2 3.3
7G12 25 3.1 1.2
7G12 1  3.1 6.2
7G12 7  1.1
7G13 25 1.1 2.2
7G13 7  2.1 3.2 4.3
7G14 5  3.2
7G14 1  1.2 1.3
7G14 25  2.2
7G14 7  1.1 3.2
7G21 0  0   0
7G22 0  0   0
7G23 0  0   0
7G24 0  0   0
7G31 7  8.1
7G31 1  2.3
7G31 3  5.3
7G32 7  35.1
7G32 1  4.1
7G32 3  1.2
7G33 7  72.1 4.2
7G33 1  4.1 1.2
7G33 2  1.1
7G34 7  19.1 2.2
7G34 1  1.2 1.3
7G34 3  1.2 5.3
7G41 7  1.1
7G41 1  1.1
7G41 2  1.1
7G42 1  2.1 1.2
7G42 2  2.1
7G42 3  1.2
7G42 7  4.1
7G43 3  1.2
7G43 7  1.1 2.2
7G43 1  2.1
7G44 7  1.1
7G44 3  2.2
7G44 5  1.2
7G44 1  2.2
6H11 7  1.2
6H11 8  1.1
6H12 7  1.1
6H12 1  1.2
6H13 1  3.1 3.2
6H13 7  6.1
6H14 7  6.1 2.2 2.3
6H14 1  1.1
6H14 6  2.2
6H21 1  1.1 1.3
6H21 7  1.1 2.2
6H21 3  1.2 2.3
6H22 1  5.2 1.3
6H22 3  1.2
6H22 7  6.1 1.2
6H23 1  5.2
6H23 7  11.1
6H24 1  2.2
6H24 7  3.1
6H31 7  55.1 1.2 1.3
6H31 3  1.2 2.3
6H31 1  1.2
6H31 5  1.1
6H32 7  25.1 5.2 3.3
6H32 3  2.2
6H32 1  1.1 3.2
6H33 7  70.1 7.2 1.3
6H33 1  2.2
6H33 5  1.2
6H33 6  2.2
6H34 7  92.1 2.2
6H34 1  3.1
6H34 3  1.3
6H41  1 5.1 15.2
6H41  7 25.1 4.1
6H42  3 2.2 2.3
6H42  7 3.1
6H43  3 4.1 1.2
6H43  7 15.1
6H43  1 2.1
6H44  3 1.3
7H11 5  1.1 1.2
7H11 3  1.3
7H11 1  1.1
7H12 7  22.1 2.2
7H12 1  4.1 2.2
7H12 2  2.1
7H13 1  3.1 3.2
7H13 7  14.1 2.2
7H13 2  1.1
7H14 1  4.1 1.2
7H14 7  4.1
7H14 3  4.2
7H21 7  50.1 7.2
7H21 1  5.1 2.2 1.3
7H21 2  1.1
7H22 7  72.1
7H22 1  1.1
7H23 7  21.1
7H23 3  1.2
7H23 5  1.2
7H24 1  5.1 2.2
7H24 7  40.1
7H24 3  1.2
7H31 3  1.3
7H31 25  1.1 1.2 2.3
7H31 7  2.1
7H32 7  27.1
7H32 25  1.1 1.2 3.3
7H32 1  2.1
7H33 5  2.2
7H33 7  35.1
7H33 25 1.3
7H34 3  7.2
7H34 7  10.1 1.2
7H41 1  2.1 2.2 2.3
7H41 6  2.2
7H41 7  4.1 1.2
7H42 7  9.1 4.2 1.3 1.4
7H42 1  2.1
7H43 1  1.1 1.2
7H43 7  6.1
7H44 7  13.1
7H44 1  1.1
8H11 7  38.1 2.2
8H11 1  7.1 3.2
8H12 1  1.2
8H12 7  1.1
8H12 29 1.3 1.4
8H12 2  2.3 1.4
8H13 29 1.1
8H13 1  1.1 2.2
8H13 7  8.1 1.2
8H13 5  4.2
8H14 2  1.1
8H14 7  28.1 4.2 1.3
8H14 1  3.1 1.2
8H21 7  30.1 10.1
8H21 1  4.1 6.1
8H21 3  1.1
8H22 7  26.1 2.1
8H22 3  1.1
8H22 1  2.1 1.1
8H23 8  1.3
8H23 7  23.1 12.2 1.3
8H23 3  4.2
8H23 1  1.2 1.3
8H24 7  10.1 3.2 1.3
8H24 5  1.2
8H24 1  3.1 2.2
8H24 3  1.3
8H31 1  7.1
8H31 7  12.1
8H32 7  84.1 5.2 1.3 2.4
8H32 1  3.1
8H32 3  1.3
8H33 3  3.2
8H33 2  1.3
8H33 7  6.1 1.2
8H34 7  5.1 1.2
8H34 2  1.1
8H34 5  3.2
8H34 1  1.1
8H41 3  1.3
8H41 7  6.1
8H41 1  2.1
8H42 7  3.1 5.2
8H42 4  1.2
8H42 1  1.1 2.2
8H42 3  1.1
8H43 7  8.1 1.2
8H44 7  1.1
6I11 7  1.1
6I11 3  2.2 2.3
6I12 5  1.2
6I12 7  1.1
6I12 3  2.2
6I13 3  5.2 1.3
6I13 7  2.1
6I13 1  2.2
6I14 7  9.1
6I14 5  1.2
6I14 1  1.2
6I21 1  5.2
6I21 7  1.1
6I22 7  1.1
6I22 1  1.1
6I22 3  3.2
6I23 1  2.2
6I23 3  2.2
6I23 1  1.2 1.3
6I23 7  1.1
6I23 5  2.2
6I24 1  1.1 8.2
6I24 7  3.1 1.2
6I31 7  2.1 1.3
6I32 7  8.1
6I32 1  1.1
6I33 5  1.1 1.2
6I33 7  3.1
6I34 0  0   0
6I41 7  1.1 1.2
6I41 1  1.2
6I42 7  16.1
6I43 1  2.1
6I43 7  7.1
6I43 4  1.3
6I44 3  14.2 4.3
6I44 7  1.1
7I11 5  2.2
7I11 7  7.1
7I11 1  2.1 1.2
7I11 3  3.2
7I12 3  2.1 8.2
7I12 7  4.1
7I13 1  2.1
7I13 7  8.1
7I13 5  2.2
7I14 5  3.2
7I14 7  7.1
7I14 4  1.1
7I14 6  1.4
7I21 1  3.2 2.3
7I21 5  1.1 4.2 2.3
7I21 3  3.3
7I22 1  1.1 1.2
7I22 6  1.3
7I22 7  2.1
7I23 7  13.1 3.2
7I23 1  2.1 3.2
7I24 1  2.1
7I24 7  22.1 3.2 1.3
7I24 6  1.2 3.3
7I31 7  20.1
7I31 2  1.3
7I31 4  1.2
7I32 7  21.1
7I33 7  25.1 1.2
7I34 7   45.1
7I41 0  0   0
7I42 6  1.2
7I43 7  1.1
7I44 5  1.2
8I11 7  20.1 2.2
8I11 1  1.1 1.2
8I12 7  16.1
8I12 2  1.1
8I13 7  7.1 3.3
8I13 1  1.1
8I14 1  1.1 6.2
8I14 7  8.1 3.2 2.3
8I21 1  1.1 1.2
8I22 7  2.1
8I23 7  6.1 3.3
8I23 1  1.2
8I24 7  7.1
8I24 1  1.2
8I31 5  1.2
8I31 7  1.2
8I32 0  0   0
8I33 6  1.2
8I33 1  1.2
8I33 5  2.2
8I34 7  1.1
8I41 7  1.1
8I42 7  2.1
8I42 4  1.3
8I43 5  4.2
8I43 7  2.1
8I44 7  4.1
