Variables quadrat plot where 1=north 2=east 3=south 4=west ; Species; # of stems.size class; # of stems.size class; etc.
3J21 7 4.1
3J21 1 1.1 1.2
3J21 3 2.1
3J21 25 1.1
3J22 3.1 3.2
3J22 3 5.2 3.3
3J22 25 1.1
3J22 7 1.1
3J23 25 1.1
3J23 7 4.1
3J23 4 1.3
3J23 3 1.1 2.3
3J24 7 4.1
3J24 3 1.1
3J24 1 3.1 1.2
3J31 7 5.1
3J31 2 1.2
3J31 1 1.2
3J32 1 5.1 7.2 1.3
3J32 7 12.1
3J32 3 1.1
3J33 7 17.1
3J33 3 1.1
3J33 1 8.1 11.2
3J33 2 3.1
3J34 7 9.1
3J34 3 9.2
3J34 1 1.1
3I41 7 6.1
3I41 1 10.1 1.2
3I42 1 6.1 6.2
3I42 3 5.1 1.2
3I42 7 8.1 1.2
3I42 25.1 1.2
3I43 7 8.1 3.2
3I43 1 12.1
3I43 3 6.1
3I43 4 1.1
3I44 1 4.1
3I44 3 1.1
3H11 1 3.1
3H11 7 108.1
3H12 7 80.1
3H12 1 2.1
3H12 8 1.1 3.2
3H13 7 49.1 1.2
3H13 1 2.1
3H13 4 1.1 2.2 1.3
3H14 2 3.1 3.2
3H14 7 97.1
3H14 4 2.1
3H14 1 14.1
3G21 7 7.1
3G21 1 6.1 3.3 1.4
3G21 3 1.1
3G22 1 6.1 7.2 2.3
3G22 2 1.1 1.2 1.3
3G22 3 5.1
3G22 7 6.1 1.2
3G23 7 13.1 4.2
3G23 1 2.1 10.2 11.3
3G23 3 3.1 6.2 1.3
3G23 2 1.3
3G23 8 1.1
3G24 1 1.1 3.2 1.3
3G24 2 2.1
3G24 3 5.1
3G24 7 7.1 3.2
3F11 7 66.1
3F11 1 13.1
3F11 2 1.3
3F11 3 1.1
3F12 7 58.1
3F12 3 6.2
3F12 1 5.1
3F13 7 40.1
3F13 3 2.1 1.2 1.3
3F13 1 5.1
3F14 7 93.1
3F14 9 1.1 1.2
3F14 3 9.1 3.2 1.3
3F21 7 49.1 1.2
3F21 1 8.1
3F21 3 5.1
3F21 5 1.1
3F22 7 35.1
3F22 1 4.1
3F22 3 13.1
3F23 7 16.1
3F23 1 3.1
3F23 3 2.1
3F24 7 41.1
3F24 3 2.1
3F24 1 14.1
3F24 2 1.2
3F41 1 29.1 2.2
3F41 7 1.1 1.2
3F41 2 1.2
3F42 3 8.2
3F42 7 1.1
3F42 1 1.1
3F43 1 40.1 2.2
3F43 2 1.2
3F43 7 4.1
3F43 6 1.2
3F44 1 10.1
3F44 7 8.1
3F44 2 1.1
3E11 7 3.1 4.2
3E11 3 1.2
3E12 7 5.1 3.2
3E12 1 4.1
3E13 7 11.1 6.2
3E13 7.1 3.3
3E13 3 4.2 2.3
3E13 1 1.2 1.3
3E14 3 2.2
3E41 2 17.1 19.2
3E41 4 6.1 8.2
3E41 1 4.2 2.3
3E41 7 3.1
3E41 8 1.2
3E42 7 2.1
3E42 1 1.3
3E42 2 5.1 9.2
3E43 2 8.1 6.2
3E43 1 5.1 2.2
3E43 7 6.1
3E44 1 5.1 1.2
3E44 7 16.1
3E44 2 7.1 3.2
7G11 1 47.1 3.2
7G11 7 11.1
7G11 2 1.2
7G11 25 5.1
7G12 1 36.1 9.2
7G12 7 14.1
7G12 2 1.1
7G12 9 1.1
7G12 25 4.1
7G12 3 1.1
7G13 1 49.1 25.2 2.3
7G13 7 6.1 2.2
7G13 25 6.1
7G14 7 17.1
7G14 1 24.1 16.2 1.3
7G14 25 5.1
7G14 2 1.1
7G21 7 37.1
7G21 1 23.1
7G21 4 1.1
7G22 4 2.1
7G22 7 129.1
7G22 1 9.1
7G23 7 20.1
7G23 1 3.1
7G23 4 1.1
7G24 1 3.1
7G24 7 8.1
7G31 7 11.1 1.2
7G31 1 8.1
7G32 7 17.1
7G32 1 30.1 8.2
7G32 4 3.1
7G33 2 2.2 2.3
7G33 7 19.1
7G33 1 6.1 2.2
7G33 4 1.2
7G34 7 13.1
7G34 4 3.1
7G34 1 10.1
7G34 25 1.1
7G34 3 1.3
7G41 2 4.1 2.2
7G41 4 8.1
7G41 1 10.1 11.2
7G41 25 1.2
7G41 8 1.1
7G41 7 10.1
7G42 1 4.1 6.2 1.3
7G42 7 8.1
7G42 2 1.1 1.2
7G42 4 1.1
7G43 7 15.1
7G43 1 8.1 6.2
7G43 8 1.1
7G44 1 2.1 3.2 1.3
7G44 8 1.1
7G44 7 4.1
7G44 3 1.2 1.3
7F21 1 29.1
7F21 3 1.1
7F21 7 11.1 1.2
7F22 6 1.2
7F22 7 15.1 3.2
7F22 1 100.1
7F23 7 15.1
7F23 1 47.1 6.2
7F23 2 3.1
7F24 7 6.1
7F24 1 30.1
7F24 6 1.2
7F31 7 82.1
7F31 1 61.1
7F31 3 1.1
7F32 7 57.1 1.2
7F32 1 58.1 3.2
7F33 1 21.1 3.2
7F33 7 127.1
7F33 3 3.1
7F34 7 128.1 3.2
7F34 1 41.1 2.2
7F41 7 16.1 3.2
7F41 3 4.1
7F41 2 1.2
7F41 1 6.1 1.2
7F42 6 2.2
7F42 7 9.1 1.2
7F42 3 1.2
7F42 1 4.1 1.2
7F43 1 8.1
7F43 7 9.1
7F43 3 2.1
7F44 2 1.1
7F44 1 13.1 4.2
7F44 7 19.1
7F44 3 3.1
7E11 1 31.1 4.2 1.3
7E11 7 126.1
7E11 6 1.1
7E11 2 1.2
7E12 7 88.1 2.2
7E12 2 1.2
7E12 1 39.1 4.2
7E13 3 3.1 4.2
7E13 1 33.1 6.2
7E13 7 91.1 1.2
7E14 1 62.1
7E14 7 68.1
7E14 25 2.1
7E31 7 66.1
7E31 2 3.1 3.2
7E31 1 52.1
7E32 2 1.1 4.2 2.3
7E32 1 43.1 18.2
7E32 7 46.1 7.1 6.1
7E32 25 1.1
7E32 5 1.1
7E33 2 3.1 1.2
7E33 7 49.1 2.2
7E33 1 44.1 4.2
7E33 25 2.1
7E34 1 62.1 6.2
7E34 7 9.1 1.2
7E34 2 1.1
7E34 25 2.1
7D11 7 7.1
7D11 1 5.1
7D12 1 4.1
7D12 6 1.1
7D13 1 5.1 1.2
7D13 7 3.2
7D14 1 9.1 1.2
7D14 7 4.1
7D14 5 1.1
7D14 6 1.1
7D41 1 24.1 2.2
7D41 7 3.1
7D41 3 1.2
7D42 1 27.1 4.2
7D42 7 42.1 1.2
7D42 3 1.1
7D43 1 13.1 1.2
7D43 7 16.1 1.2
7D44 1 22.1 1.2
7D44 7 4.1
7C11 7 22.1
7C11 1 5.1
7C12 7 27.1 2.2
7C12 1 8.1
7C13 2 3.3
7C13 7 31.1 1.2
7C13 1 7.1 2.2
7C14 7 16.1 1.2
7C14 1 5.1 4.2
7C21 7 29.1 1.2
7C21 1 8.1 6.2
7C21 5 1.1 1.2
7C22 3 1.2
7C22 1 18.1 2.2
7C22 7 125.1
7C23 7 74.1 2.2
7C23 1 20.1 1.2
7C24 1 7.1 9.2
7C24 7 36.1 6.2
7C24 3 1.1
7C31 7 161.1
7C31 1 9.1 1.2
7C31 3 1.3
7C32 5 1.1 3.2
7C32 1 13.1
7C32 7 36.1
7C33 1 4.1
7C33 7 46.1
7C34 7 52.1 7.2
7C41 1 12.1 14.2
7C41 3 2.2
7C41 7 61.1 5.2
7C42 7 52.1 2.2
7C42 1 18.1 2.2
7C42 5 1.1
7C42 3 1.2
7C43 7 32.1
7C43 1 30.1 1.2
7C43 5 1.1 2.2
7C44 1 31.1
7C44 7 37.1
7C44 5 1.1 1.2
8I11 7 29.1 3.2
8I11 25 1.1 3.2
8I11 1 24.1 1.2
8I11 2 2.1
8I12 1 15.1
8I12 7 8.1
8I13 25 1.2
8I13 1 35.1 5.2
8I13 7 8.1 1.2
8I13 2 1.2
8I14 1 21.1 3.2
8I14 7 17.1
8I14 25 1.2
8I21 1 6.1 1.2
8I21 3 2.1
8I21 7 8.1
8I22 1 3.1
8I22 7 2.1
8I23 7.1 2.1
8I24 7 9.1
8I24 1 3.1 1.2
8I31 1 21.1
8I31 7 5.1
8I31 4 1.1
8I32 7 3,1
8I32 1 4.1 2.2
8I32 4 1.1
8I33 1 18.1 4.2
8I33 4 1.1
8I33 7 4.1
8I34 1 14.1 6.2 1.2
8I34 7 9.1
8I34 4 4.1
8I34 25 1.1
8H11 1 9.1
8H11 7 3.1
8H11 2 1.2
8H12 7 4.1
8H12 5 1.2
8H12 1 4.1
8H13 9 4.1
8H13 7 4.1
8H13 5 1.2
8H13 1 6.1 1.2
8H14 1 23.1
8H14 7 13.1
8H21 7 9.1 1.2
8H21 1 3.1
8H21 2 2.3
8H21 3 1.2
8H22 3 23.2
8H22 7 10.1
8H22 1 5.1 1.2
8H23 7 20.1
8H23 1 5.1
8H23 3 1.3
8H24 7 27.1 2.2
8H24 1 4.1
8H31 7 12.1
8H31 2 2.2 1.3
8H31 1 15.1
8H32 7.1 4.1 1.2
8H32 7 7.1
8H32 1 14.1
8H32 5 1.2
8H33 7 9.1
8H33 1 20.1
8H33 2 1.2
8H34 2 1.1
8H34 7 17.1 2.2
8H34 1 18.1 3.2
8H34 3 4.2
8H41 3 1.1
8H41 7 12.1
8H41 5 1.2
8H41 1 3.1 1.2
8H42 3 1.1
8H42 1 2.1 1.2
8H42 7 10.1
8H42 5 2.1 1.2
8H43 7 6.1
8H43 3 2.1
8H43 5 1.1
8H44 1 1.1
8H44 7 4.1
8H44 9 1.1
8F11 1 21.1
8F11 7 22.1 1.2
8F12 1 25.1 7.2
8F12 7 32.1 1.2
8F12 3 2.3
8F13 7 27.1
8F13 1 51.1 6.2
8F13 6 1.1
8F13 9 1.1
8F14 7 12.1 1.2
8F14 1 29.1
8F21 7 25.1
8F21 1 23.1
8F22 7 20.1
8F22 6 1.2
8F22 1 5.1
8F23 7 7.1
8F23 1 4.1
8F24 1 16.1 7.2
8F24 3 1.1
8F24 7 20.1
8F24 5 1.2
8F31 3 6.1
8F31 1 17.1
8F31 7 2.1
8F32 1 30.1
8F32 7 1.1
8F32 3 1.1
8F33 1 13.1
8F34 1 4.1
8F34 3 3.1
8F34 7 3.1
8F41 7 5.1
8F41 3 3.1 5.2
8F41 1 9.1 2.2
8F42 3 6.1
8F42 7 12.1 1.2
8F42 1 19.1
8F43 3 5.1 2.3
8F43 7 9.1
8F43 1 8.1
8F43 2 1.1
8F44 1 6.1
8F44 7 7.1
8F44 3 5.1
8E11 7 120.1
8E11 1 13.1
8E12 7 46.1
8E12 1 36.1
8E13 7 124.1
8E13 1 24.1
8E14 7 143.1
8E14 1 33.1
8E31 7 116.1 3.2
8E31 1 30.1 12.2
8E32 1 25.1 14.2 1.3
8E32 7 152.1 6.2
8E32 2 1.1 1.2
8E33 7 159.1
8E33 1 19.1 7.2 1.3
8E34 7 181.1 10.2
8E34 1 15.1 16.2
8E34 3 2.1 2.2
8E34 2 3.1
8D11 1 3.2
8D12 6 1.2
8D12 1 4.1 9.2
8D12 7 3.1
8D13 1 9.1
8D13 7 1.1
8D13 5 1.1
8D14 1 7.1 7.2 4.3
8D14 7 3.1 3.2
8D21 7 367.1
8D21 1 12.1 4.2
8D21 5 1.1 1.2
8D21 3 4.1
8D22 7 55.1
8D22 1 2.1
8D22 3 1.1
8D23 7 210.1
8D23 1 8.1 8.2
8D24 7 280.1
8D24 1 9.1 16.2
8D24 6 1.1
8D31 7 39.1
8D31 1 12.1 2.2
8D31 3 1.1
8D32 7 14.1
8D32 1 5.1
8D33 1 8.1 1.2
8D33 7 31.1 1.2
8D34 7 20.1 1.2
8D34 1 8.1 1.2
8D34 25 1.1
8D41 7 59.1
8D41 1 20.1 11.2
8D41 3 1.1
8D42 7 108.1
8D42 1 19.1 12.2
8D42 6 1.2
8D43 7 171.1
8D43 1 29.1 11.2
8D44 7 69.1 2.2
8D44 1 15.1
3H21 7 23.1
3H21 1 16.1
3H21 4 1.1
3H21 5 1.1 1.2
3H22 7 16.1 3.2 1.3
3H22 1 9.1
3H22 2 1.1 1.2
3H22 4 2.1 1.2 1.3
3H22 3 4.1 1.2
3H23 7 6.1 1.2
3H23 4 5.1 3.2
3H23 1 8.1
3H24 7 19.1
3H24 5 1.2
3H24 1 6.1
3H24 3 2.1
3H24 4 3.1
3H24 2 5.1
3H31 1 19.1 3.2 1.3
3H31 2 1.2
3H31 4 1.1
3H31 7 11.1 2.2
3H32 1 10.1 1.2
3H32 7 2.1
3H33 1 4.1
3H33 7 2.1
3H33 4 1.3
3H34 7 9.1
3H34 4 2.1
3H34 1 7.1
3H34 2 1.1
4J11 7 13.1
4J11 1 25.1
4J11 7.1 10.1 20.2
4J11 2 1.1
4J12 2 4.1 1.2
4J12 1 27.1 20.2
4J12 7 41.1
4J13 7 14.1
4J13 1 18.1 1.2
4J13 2 1.2
4J13 4 1.2
4J14 7 17.1 1.2
4J14 1 16.1 1.2
4J14 3 1.1 4.2
4J21 7 100.1
4J21 1 15.1 5.2
4J22 7 94.1 5.2
4J22 1 26.1 8.2
4J22 3 1.1
4J23 7 99.1 3.2
4J23 1 15.1
4J24 7 14.1
4J24 1 12.1 1.3
4J31 1 9.1
4J31 7 21.1
4J31 2 1.1
4J32 1 3.1
4J32 7 24.1
4J32 3 2.1 1.2 1.3
4J32 5 1.2
4J33 1 2.2
4J33 2 1.1 1.3
4J33 7 17.1
4J34 3 8.1 2.2 1.3
4J34 6 1.1
4J34 7 15.1
4J34 1 7.1
4I11 2 4.1 7.2 1.3
4I11 1 13.1 15.2 3.3
4I11 4 4.1 2.2
4I12 4 1.1 1.3
4I12 1 13.1 13.2 1.3
4I12 25 2.1 3.2
4I12 7 2.1 3.2
4I13 25 1.2
4I13 1 4.1
4I14 7 6.1
4I14 4 2.1 1.2 1.3
4I14 1 4.1
4I14 2 1.3
4I21 1 6.1 3.2 1.3
4I21 7 12.1 4.2
4I21 3 1.2
4I21 4 1.1 1.3
4I22 3 10.1
4I22 2 1.1 1.2
4I22 1 12.1 3.2
4I22 7 4.1 2.2
4I22 4 11.1
4I23 1 6.1
4I23 4 5.1
4I23 7 1.1
4I23 3 2.1
4I24 1 3.1
4I24 7 1.1
4I24 4 3.1 1.3
4I24 3 1.1 2.2
4I31 1 3.1
4I31 7 2.1
4I32 1 13.1 4.2 2.3
4I32 7 11.1 3.2
4I32 3 1.1
4I33 1 12.1 1.2 1.3
4I33 7 15.1 1.2
4I33 4 1.1 1.3
4I34 2 1.2 1.3
4I34 4 2.2 1.3 1.4
4I34 7 9.1 4.2
4I34 1 8.1 1.2
4I34 3 1.2
4I41 1 11.1 12.2
4I41 2 1.1 5.2
4I41 7 17.1
4I41 3 2.1
4I41 25 1.1
4I42 3 1.1 2.2 1.3
4I42 1 4.1 2.2
4I42 2 2.2
4I42 7 11.1
4I43 25 5.1 8.2
4I43 3 1.3
4I43 1 9.1 11.2
4I43 7 8.1
4I44 1 6.1 4.2 1.3
4I44 25 2.1 5.2
4I44 7 10.1 2.2
4H11 1 20.1 1.2
4H11 7 3.1 1.2
4H12 1 9.1 4.2 2.3
4H12 7 4.1 1.2
4H12 2 1.3
4H13 7 1.1 1.2
4H13 1 8.1 1.2
4H13 25 1.1
4H14 7 8.1
4H14 1 5.1
4H21 7 6.1 5.1
4H21 1 20.1 4.2 1.3
4H21 5 1.2
4H22 1 8.1 2.2 1.3
4H22 7 13.1 4.2
4H23 7 32.1 2.2
4H23 1 17.1 4.2 1.3
4H23 5 1.2
4H24 1 10.1 2.2
4H24 7 12.1 4.2
4H31 7 6.1
4H31 5 1.1
4H31 1 8.1
4H32 4 2.1 2.2
4H32 2 1.1 1.2
4H32 1 42.1
4H33 4 2.1 2.2
4H33 1 16.1
4H33 2 1.3
4H34 4 3.1
4H34 1 5.1
4H34 7 3.1
3G11 1 3.1 2.2
3G11 4 1.1
3G11 7 7.1
3G12 2 1.2
3G12 1 8.1
3G12 7 16.1
3G12 3 1.1 1.2
3G13 7 27.1
3G13 4 2.1
3G13 1 5.1
3G14 7 15.1
3G14 1 11.1
3G14 3 2.1 1.3
3G14 5 1.2
4G21 7 6.1
4G21 1 6.1 6.2 2.3
4G22 1 7.1
4G22 7 4.1 1.2
4G22 3 1.2
4G22 1.1 1.3
4G22 5 1.1
4G23 7 4.1
4G23 1 3.1 3.2 1.3 1.4
4G24 1 7.1 2.3
4G24 7 25.1
4G24 3 1.2
4F11 7 2.1
4F11 1 19.1
4F11 10 1.1
4F12 7 4.1
4F12 10 6.1
4F13 1 8.1 3.2
4F13 7 4.1
4F13 10 1.1
4F14 7 12.1 1.2
4F14 1 5.1
4F21 7 9.1
4F21 3 1.2
4F21 1 3.1 1.2
4F22 7 21.1
4F22 5 1.1
4F22 1 4.1
4F22 3 1.1
4F23 7 1.1
4F24 1 2.1 1.2
4F31 7 31.1
4F31 1 1.1 2.2 2.3
4F32 7 22.1 1.2
4F32 1 3.1
4F33 1 3.1 2.2
4F33 7 16.1
4F34 1 8.1 5.1
4F34 7 40.1
4F41 7 45.1 1.2 1.3
4F41 3 3.1 2.2
4F41 1 10.1
4F42 7 46.1
4F42 1 12.1
4F43 7 51.1 1.2
4F43 1 14.1
4F44 7 64.1 1.2
4F44 1 3.1 1.2
4F44 3 1.2
4F44 8 1.1
4E11 7 18.1 1.2
4E11 1 32.1
4E11 13 1.2
4E11 3 1.1 1.3
4E11 8 2.1
4E12 8 29.1
4E12 1 23.1
4E12 7 13.1
4E12 13 1.1
4E13 1 18.1 6.2 1.3
4E13 2 2.3
4E13 7 3.1
4E13 4 1.1
4E13 8 7.1
4E13 13 1.1
4E14 3 2.1 7..2 1.3
4E14 7 9.1 2.2
4E14 1 19.1 8.2
4E14 8 5.1
4E14 2 1.2
4E21 1 16.1 8.2
4E21 7 4.1
4E21 8 5.1
4E21 2 1.2
4E22 2 1.1 3.3
4E22 1 36.1 3.2
4E22 3 1.1
4E22 7 4.1
4E22 13 1.1 1.2
4E22 8 3.1
4E23 13 2.1
4E23 1 45.1
4E23 8 8.1
4E23 2 2.1
4E23 3 1.1
4E24 1 27.1 2.2
4E24 8.1 1.2
4E24 2 1.3
4E24 8 9.1
4E24 7 3.1 1.2
4E24 7.1 1.1 1.2
4E31 7 5.1
4E31 1 14.1
4E32 1 12.1
4E32 7 10.1 1.2
4E32 7.1 3.1
4E32 3 1.1
4E33 1 18.1 1.2
4E32 7 8.1
4E34 1 18.1 1.2
4E34 7 7.1
4E34 8 5.1
4E34 3 1.1
4E41 3 6.1
4E41 7 5.1
4E41 1 11.1
4E41 5 1.1
4E42 3 4.1
4E42 1 6.1
4E42 7 4.1
4E43 7 2.1
4E43 1 8.1
4E44 1 1.2
4E44 7 4.1
5J11 25 4.1 2.2
5J11 7 5.1 2.1
5J11 7.1 1.2
5J11 3 1.1
5J11 1 3.1 1.2
5J12 25 4.1
5J12 7 6.1 1.2
5J12 1 9.1 2.2
5J12 25.1 8.2 1.3
5J12 6 2.1
5J13 25 2.1
5J13 7 9.1 1.2
5J13 4 2.2
5J13 1 14.1
5J13 3 1.3
5J13 25.1 2.3
5J14 25 6.1 2.2 1.3
5J14 1 5.1 2.2 1.3
5J14 7 13.1 6.2
5J14 2 2.2
5J21 1 4.1
5J21 7 3.1
5J22 1 5.1 1.2
5J23 1 2.1 2.2
5J24 7 1.1
5J41 7 29.1 1.2
5J41 1 6.1 1.2
5J41 4 3.1
5J42 7 23.1
5J42 1 3.1 .2
5J43 1 16.1
5J43 4 4.1
5J43 7 4.1
5J44 7 14.1
5J44 5 1.1
5J44 1 5.1
5I11 1 2.1
5I11 7 6.1
5I11 4 1.1
5I12 7 26.1
5I12 1 7.1
5I12 8.1 2.1
5I13 7 14.1
5I13 1 1.1
5I14 4 1.1 1.2 1.3
5I14 7 12.1
5I14 1 2.1
5I41 1 9.1
5I41 25 1.1
5I41 4 5.1
5I41 7 11.1
5I42 25 5.2 4.3
5I42 7 12.1
5I42 1 4.1
5I43 7 9.1
5I43 25 1.1 1.2 1.3
5I43 4 1.1
5I44 4 2.1
5I44 7 7.1
5I44 1 4.1
5I44 25 1.1
5H31 7 9.1
5H31 1 6.1 1.3
5H32 1 10.1
5H32 7 2.1
5H33 7 3.1
5H33 1 4.1 1.3
5H34 1 10.1
5H34 4 1.3
5F11 7 71.1
5F11 1 22.1
5F11 5 2.1
5F11 3 2.1
5F11 99 1.1
5F11 2 1.1
5F12 7 6.1
5F12 3 1.1
5F12 1 33.1
5F12 6 1.3
5F13 3 1.1 10.1
5F13 5 1.2
5F13 7 45.1
5F13 1 23.1
5F13 5.1 1.1 5.2
5F14 7 55.1
5F14 1 27.1
5F14 3 2.1
5F31 1 37.1 3.2
5F31 7 73.1
5F31 5 1.1
5F31 3 2.2
5F32 7 71.1
5F32 1 78.1 1.2
5F32 3 1.1 2.2
5F33 1 63.1 1.2
5F33 7 15.1
5F34 7 29.1
5F34 2 1.2
5F34 1 38.1
5F41 7 59.1
5F41 5 1.1
5F41 3 2.1 2.2
5F42 7 68.1
5F42 3 1.1
5F42 2 3.1
5F42 1 7.1
5F43 2 2.2 3.3
5F43 7 52.1 1.2
5F43 3 4.1 4.2
5F43 1 1.1
5F44 2 1.1 1.3
5F44 3 3.1 5.2
5F44 1 1.1 2.2
5F44 7 95.1
5E11 7 80.1 1.2
5E11 1 3.1 10.2
5E11 4 3.1
5E12 7 31.1 1.2
5E12 8 1.1
5E12 2 1.2
5E12 1 3.1
5E12 4 1.1
5E13 7 38.1
5E13 1 5.1
5E13 4 1.1
5E14 1 13.1 8.2 1.3
5E14 7 92.1
5E14 4 10.1
5E14 8 1.1
5E31 1 20.1 22.2 7.3
5E31 2 1.3 1.4
5E31 4 4.1 2.2
5E31 7 15.1 1.2
5E31 5 1.1
5E31 8 1.1
5E32 1 34.1 8.2 2.3
5E32 7 8.1 2.2
5E32 4 3.1
5E32 8 15.1
5E32 5 1.1
5E33 8 1.1
5E33 1 13.1 3.2 4.3
5E33 7 2.1 2.2
5E34 1 38.1 9.2 1.3
5E34 2 1.1
5E34 8 1.1
5E34 7 8.1
5D21 7 10.1 1.2 1.4
5D21 1 6.1 1.2 1.3
5D21 3 1.1 2.2
5D22 7 7.1 2.2
5D22 1 4.1 10.2 8.3
5D22 3 2.2
5D22 5 1.1
5D23 7 36.1
5D23 3 3.1
5D23 1 5.1 1.2
5D24 1 9.1 2.2
5D24 7 7.1
5D41 7 18.1 3.2
5D41 1 7.1 2.2 1.3
5D42 7 34.1
5D42 8 3.1 1.2
5D42 1 7.1 2.2
5D42 3 3.1 3.2
5D42 2 1.2
5D43 7 4.1
5D43 1 1.1 1.2 1.3
5D43 3 1.3
5D44 7 16.1
5D44 1 4.1 2.1
5D44 3 1.2
6I21 1 14.1 5.2
6I21 7 14.1 1.2
6I21 25 1.1 1.2
6I22 25 2.1 2.2
6I22 1 20.1 2.2
6I22 7 11.1 2.2
6I23 1 20.1 3.2
6I23 7 7.1 1.2
6I23 25 2.1
6I24 1 32.1 4.2
6I24 7 13.1
6I24 25 2.1
6I31 1 70.1
6I31 7 24.1
6I32 1 40.1
6I32 7 29.1
6I33 7 45.1
6I33 1 32.1 1.2
6I34 7 15.1
6I34 1 30.1 4.2
6I34 5 1.1
6H21 7 13.1
6H21 3 1.2
6H21 1 14.1 4.2
6H22 1 11.1 8.2 1.3
6H22 7 22.1 1.2
6H23 7 18.1
6H23 1 11.1 1.2 1.3
6H23 3 1.1
6H23 2 1.2
6H24 3 1.1 1.2
6H24 1 13.1 2.2 1.3
6H24 7 29.1
6H41 1 61.1 16.2
6H41 7 13.1
6H42 3 1.1 1.2
6H42 1 61.1 3.2
6H42 7 12.1 1.2
6H43 7 7.1
6H43 1 48.1
6H44 7 18.1
6H44 1 31.1
6G11 4 2.1
6G11 2 2.1 1.2 1.3
6G11 1 16.1 3.2
6G11 7 2.1
6G12 7 5.1 1.2
6G12 1 37.1 1.2
6G13 7 6.1
6G13 1 18.1 2.2
6G13 3 1.2
6G14 1 20.1
6G14 7 2.1
6G21 1 36.1
6G21 7.1 2.2
6G21 7 5.1
6G22 1 21.1 1.2
6G22 7 18.1
6G22 8 1.2
6G22 2 1.1
6G23 7 11.1
6G23 1 20.1 2.2
6G24 1 28.1 1.2
6G24 3 1.1
6G24 7 3.1
6G31 1 15.1 7.2 2.3
6G31 7 11.1
6G32 1 9.1 6.2
6G32 7 9.1
6G32 3.1 1.2
6G32 3 3.2
6G33 1 3.1 1.2 6.3 1.4
6G33 7 8.1
6G34 1 48.1 13.2 9.3
6G34 7 12.1
6G41 1 7.1 1.2
6G41 2 1.1 2.2
6G41 7 4.1
6G41 8 6.1
6G42 7 8.1
6G42 1 19.1
6G42 8 2.1
6G42 2 1.1
6G43 1 14.1 4.2
6G43 2 2.2 1.3
6G43 7 2.1
6G44 1 15.1
6G44 7 8.1
6G44 8 4.1
6G44 2 1.1
6F11 1 27.1
6F11 7 7.1
6F11 8 1.1
6F12 1 20.1
6F12 7 4.1
6F12 2 1.1
6F13 7 5.1
6F13 1 14.1
6F14 7 8.1 1.2
6F14 1 12.1 1.2
6F14 4 1.1
6F21 1 27.1 18.2
6F21 7 30.1 2.2
6F21 4 1.1 1.2
6F21 2 2.1
6F22 1 30.1 4.2
6F22 7 56.1
6F22 2 2.1
6F22 4 1.1
6F23 7 27.1
6F23 1 30.1 1.2
6F24 7 35.1
6F24 1 91.1 7.2
6F24 2 1.1
6F24 3 1.1
6F24 4 2.1
6F31 1 14.1 3.2
6F31 2 2.1 1.2 3.3
6F31 3 1.1
6F31 7 5.1
6F31 25 1.1 2.2
6F32 1 22.1 5.2
6F32 2 6.1 1.3
6F32 3 2.1 1.2
6F32 4 1.1
6F32 7 2.2
6F33 25 1.1
6F33 1 14.1
6F33 2 1.2
6F33 7 1.1
6F34 1 8.1
6F34 7 8.1 1.2
6F34 25 2.1
6F41 7 12.1 2.2
6F41 1 46.1 3.2
6F41 2 5.1
6F41 3 1.1 2.2 1.3
6F42 2 1.1
6F42 1 44.1
6F42 7 39.1
6F43 1 50.1
6F43 7 16.1
6F44 2 2.3
6F44 7 21.1 1.2
6F44 1 37.1
6E11 1 8.1
6E11 7 6.1
6E12 7 10.1
6E12 1 20.1
6E12 8 2.1
6E12 4 1.1
6E13 25 1.1
6E13 1 24.1 7.2
6E13 2 1.2
6E13 7 10.1
6E14 1 25.1 14.2 1.3
6E14 7 25.1 11.2
6E14 2 1.2
6E31 1 27.1 1.2
6E31 7 5.1
6E32 1 49.1 6.2
6E32 7 8.1
6E33 1 7.1 2.2
6E33 5 1.1
6E33 4 1.1
6E34 1 39.1
6E34 7 15.1
6E34 3 1.1
6E41 7 30.1 1.2
6E41 4 6.1
6E41 1 27.1
6E41 2 1.1
6E41 25 1.1
6E42 1 31.1
6E42 7 17.1
6E42 4 1.1
6E43 1 35.1
6E43 7 38.1 1.2
6E43 3 1.2
6E44 7 47.1
6E44 1 46.1
6E44 4 1.1
6E44 25 2.1
6D21 7 9.1 1.2
6D21 1 6.1 3.2
6D21 8 1.1
6D21 2 1.1
6D22 7 2.1
6D22 1 3.1
6D23 7 29.1
6D23 1 11.1 4.2
6D23 8 2.1
6D23 25 1.1
6D24 8 2.1
6D24 7 19.1
6D24 1 3.1
6D31 7 264.1
6D31 1 35.1 11.2
6D31 3 2.1 2.2
6D31 8 3.1
6D32 7 117.1
6D32 1 6.1 3.2
6D33 7 22.1 1.2
6D33 1 8.1 1.2
6D34 7 96.1
6D34 1 15.1 4.2
6D41 8 5.1
6D41 1 18.1
6D41 7 17.1 1.2
6D41 2 1.1
6D42 3 1.2
6D42 8 23.1
6D42 1 12.1 6.2
6D42 7 9.1
6D43 1 4.1 29.2
6D43 8 17.1
6D43 2 2.2
6D43 7 4.1
6D44 1 12.1 3.2
6D44 7 4.1
6D44 8 38.1
6D44 2 1.1
7H11 7 3.1
7H11 2 1.1
7H11 25 1.1
7H11 8 1.1
7H12 7 42.1 1.2
7H12 5 1.1
7H12 1 15.1 10.2
7H12 25 8.1
7H12 2 7.1 1.2
7H12 3 2.1
7H12 12 1.1
7H13 1 13.1 8.2 2.3
7H13 2 5.2 1.3
7H13 7 26.1 8.2
7H13 25 3.1 1.2
7H13 3 2.1 6.2
7H13 8 1.1
7H14 7 20.1 4.2
7H14 1 4.1 13.2
7H14 25 6.1
7H14 8 1.1
7H14 1.1 2.2 1.2
7H41 1 53.1 4.2
7H41 7 65.1
7H41 3 1.1
7H41 6 1.1
7H42 1 49.1
7H42 7 114.1
7H43 7 95.1
7H43 1 47.1 2.2
7H44 7 41.1
7H44 1 19.1 4.2
