Quadrat PlotSpec A B C D
6D21 7 9.1
6D22 7 4.1
6D23 7 14.1
6D23 1 6.1 1.2
6D24 1 1.2 1.3
6D24 7 3.1
6D41 7 6.1
6D41 1 1.1
6D42 3 1.1 1.2
6D42 1 5.1 3.2
6D43 1 19.1 3.2
6D44 1 1.1 1.2
6D44 7 4.1
6D44 6 1.2
6E31 7 1.1
6E32 1 4.1 1.2 1.4
6E33 7 3.1
6E33 1 1.1 2.2
6E33 6 1.1
6E34 7 3.1
6E34 5 1.1
6E34 1 1.1
6E41 7 4.1
6E42 7 2.1
6E43 7 3.1
6E44 4 1.1
6E44 7 4.1
6D31 1 8.1 4.2
6D31 7 9.1
6D31 3 2.2
6D31 5 1.2
6D32 7 22.1
6D32 1 1.1
6D33 7 15.1
6D33 3 1.1
6D34 7 11.1
6D34 1 3.1
6E11 7 3.1
6E12 7 6.1
6E13 7 2.1
6E13 1 5.1
6E14 1 1.1 1.2
6E14 7 8.1 4.2
5D41 7 6.1
5D41 1 2.2
5D42 7 20.1
5D42 1 1.2
5D42 8.1 4.2
5D43 1 2.1 2.2 3.3
5D43 3 7.2 1.3
5D43 4 1.2
5D43 7 2.1
5D44 1 1.1 1.3
5D44 7 5.1
5D44 3 1.1
5D21 1 1.3
5D21 3 3.2
5D21 7 2.1 1.4
5D22 1 5.1 11.2 1.3
5D22 7 7.1
5D22 3 5.1 2.2
5D23 7 5.1
5D23 1 3.1 2.2
5D24 7 1.1
5D24 3 1.2
5D24 1 2.1
5E31 1 24.1 6.2 2.3
5E31 3 3.1
5E31 7 6.1
5E31 2 1.2
5E32 7 10.1
5E32 1 7.1
5E32 3 1.1
5E33 1 2.1 4.3
5E33 7 2.1
5E34 7 1.1
5E34 1 7.1 3.2 1.3
5E11 1 10.1
5E11 7 3.1
5E11 7.1 3.3
5E12 2 1.2
5E12 1 7.1 4.2 1.3
5E12 3 4.1 1.2
5E12 7 1.1
5E13 7 4.1
5E13 1 1.1
5E13 3 1.1
5E13 5 1.1
5E14 7 10.1
5E14 1 3.1 7.2 1.3
5E14 5 1.2
5E14 3 1.2
5F41 3 4.1 1.2
5F41 7 7.1
5F42 0 0
5F43 2 3.2 2.3
5F43 7 8.1
5F43 1 2.1 2.2
5F43 3 3.2
5F44 7 7.1
5F44 3 1.2
5F44 1 1.1 1.2
5F44 2 1.3
5F11 7 22.1
5F12 7 6.1
5F12 5 1.4
5F13 3 6.2
5F13 7 14.1
5F13 5 1.2
5F14 7 20.1
4F41 7 2.1 1.2
4F41 1 1.3
4F41 3 1.2
4F42 7 9.1
4F42 1 1.1
4F43 3 10.2
4F43 7 1.1
4F44 7 6.1
4F44 3 1.2
5F31 7 11.1
5F31 1 8.1
5F31 3 3.2
5F32 7 5.1
5F32 1 6.1 3.2
5F32 3 1.2
5F33 1 2.1 3.2
5F33 7 6.1
5F34 3 1.2
5F34 1 1.2
5F34 2 1.2
5F34 7 3.1
4E41 0 0
4E42 7 1.1
4E43 0 0
4E44 7 1.1
4F21 7 1.1
4F21 3 1.1
4F22 7 1.1
4F23 1 3.1 2.2
4F24 0 0
4F11 0 0
4F12 7 1.1 1.2
4F13 1 1.1
4F14 7 4.1 1.2
4F31 1 2.1 1.2 2.3
4F31 7 4.1
4F32 7 4.1
4F32 5 1.2
4F33 7 4.1
4F33 1 2.1 1.2 1.3
4F34 7 12.1
4E11 9 1.1
4E11 7 1.2
4E12 1 4.1
4E12 7 7.1
4E13 1 2.1 4.2
4E13 7 6.1
4E13 2 1.2
4E14 1 16.1
4E14 2 1.2
4E14 7 3.1
4E14 3 1.2
4E21 7 5.1
4E21 6 1.2
4E21 1 2.1 1.2
4E22 1 6.1 1.2
4E22 7 1.1
4E22 2 1.2
4E23 7 5.1
4E24 2 1.3
4E24 7 4.1 1.2
3F11 5 1.1
3F11 7 18.1
3F11 2 1.3
3F12 3 1.1 9.2
3F12 7 10.1
3F13 7 10.1
3F13 3 5.2 1.3
3F14 7 10.1
3F14 2 5.2 1.3
3E11 3 5.1 5.2
3E11 7 1.2
3E11 1 1.2
3E12 0 0
3E13 3 2.2 3.3
3E13 7 1.1 1.2
3E13 1 1.1 1.3
3E14 7 2.1
3E14 5 1.2
3F41 1 1.1 2.2
3F41 7 2.2
3F42 3 8.2
3F43 1 6.1
3F43 7 5.1
3F44 7 1.1
3F21 7 17.1
3F22 7 9.1
3F23 3 1.1 7.2 2.3
3F23 1 1.2
3F23 7 6.1
3F23 5 1.2
3F24 7 6.1
3F24 7 1.2
3E41 10 2.2
3E41 4 3.1 6.2
3E41 1 1.1 1.2 2.3
3E41 2 1.2
3E41 7 1.1
3E42 1 1.3
3E42 3 1.2
3E43 7 3.1
3E43 2 1.1
3E43 1 1.2
3E43 4 1.1 1.2
3E44 1 3.1 1.2
3E44 7 4.1
4E31 0 0
4E32 7 3.1
4E33 7 7.1
4E34 1 1.2
4E34 7 1.1
7G11 1 8.1
7G11 25 1.2
7G11 7 1.1
7G12 1 6.1 4.2
7G12 7 1.1
7G13 1 7.1 5.2
7G13 7 1.1
7G14 1 3.1 2.2
7G14 25 1.1
7G14 7 1.1
7F31 7 3.1
7F31 9 1.1 1.2
7F32 7 8.1
7F32 1 5.1 1.2
7F32 3 1.1
7F33 7 20.1
7F33 1 2.1
7F34 7 16.1 1.2
7F34 1 4.1
7G41 3 5.1 1.2
7G41 1 4.1 1.2
7G42 1 10.1 5.2
7G42 2 1.2
7G42 7 3.1
7G43 7 5.1 3.2
7G43 1 4.2
7G44 3 1.3
7G44 1 1.2 1.3
7G44 7 1.1
7G21 0 0
7G22 7 5.1
7G23 7 3.1
7G24 0 0
7H11 7 3.1
7H12 1 10.2 5.2
7H12 7 58.1 2.2
7H12 2 1.2
7H12 5 1.1
7H13 2 3.2
7H13 1 7.1 2.2
7H13 7 26.1 1.2
7H14 1 5.2
7H14 7 17.1 2.2
7H14 3 3.3
7G31 7 2.1
7G31 1 1.1
7G31 3 1.1
7G32 1 5.1 2.2
7G32 7 12.1
7G33 1 4.1 2.2
7G33 2 3.2 1.3
7G33 4 1.2
7G33 7 10.1
7G33 3 1.1
7G34 7 22.1
7G34 1 1.1
7G34 3 1.3
8H41 7 22.2
8H41 1 5.1 1.2
8H41 3 1.1
8H42 1 1.1 2.2
8H42 7 1.1
8H43 7 5.1 1.2
8H44 7 2.1
7H41 7 25.1
7H41 1 5.1 2.2
7H42 7 34.1
7H42 1 4.1
7H43 7 19.1
7H43 1 4.1
7H43 6 1.2
7H44 7 29.1
7H44 1 12.1 1.2
8H11 7 12.1
8H12 0 0
8H13 7 5.1
8H13 9 1.1 1.2
8H14 7 4.1
8H31 2 1.2 1.3
8H31 7 1.1
8H32 3 1.1
8H33 2 1.3
8H33 7 1.1
8H34 3 1.1 6.2
8H34 5 5.1 1.2
8H21 7 14.1
8H21 2 1.3
8H22 3 3.2 2.2
8H22 7 1.1
8H22 1 1.1
8H23 13 13.2
8H23 7 4.1
8H24 7 16.1
8I21 7 8.1
8I21 1 2.1
8I22 0 0
8I23 0 0
8I24 1 2.1
8I24 7 1.1
8I31 7 5.1
8I31 1 2.1
8I32 1 1.2
8I32 7 2.1
8I33 1 1.1
8I34 7 3.1
8I34 1 9.1
6F31 7 14.1
6F31 1 13.1 1.2
6F32 1 4.1 2.2
6F32 7 19.1
6F32 2 1.2
6F33 7 15.1
6F33 4 1.2
6F33 2 1.2
6F33 1 1.1 1.2
6F34 1 5.1 1.2
6F34 7 17.1
6F34 3 1.1
6F34 2 1.2
8I11 7 21.1
8I11 25 1.1
8I12 7 12.1
8I13 1 2.1
8I13 7 6.1
8I13 25 1.2
8I13 2 1.1
8I14 7 20.1
8I14 1 3.1 2.2
8I14 25 1.1
6F31 2 2.2 1.3
6F31 25 2.1 1.2
6F32 2 1.2
6F32 1 2.1
6F33 25 1.2
6F33 7 2.1
6F34 7 2.1
6F34 25 1.1
6F34 1 2.1
6F11 7 2.1 1.2
6F11 1 2.1
6F12 7 2.1
6F13 7 1.1
6F14 1 1.1
6F14 3 1.1
6G41 7 3.1
6G41 8 2.1
6G41 2 1.1
6G42 7 4.1
6G43 2 2.2
6G43 25 1.1
6G43 1 2.2
6G44 25 1.1
6G44 1 3.1 2.2
6G44 7 1.1
6G31 1 1.1 3.2 2.3
6G31 7 2.1
6G31 3 1.2
6G32 1 6.2
6G32 3 1.1 2.2 1.3
6G32 7 1.1
6G33 1 4.2 4.3 5.4
6G33 7 2.1
6G34 1 3.1 19.2
6G34 7 2.1
4G11 1 1.1 1.2
4G11 5 1.2
4G11 7 1.1
4G11 5.1 8.2
4G12 2 1.2
4G12 7 6.1
4G12 5 1.1
4G13 7 5.1
4G13 3 1.1
4G14 1 1.2
4G14 3 2.2 1.3
4G21 1 4.2 2.3
4G22 3 1.2 1.3
4G22 1 1.3
4G22 7 1.1
4G22 7.1 10.2
4G23 1 2.1 1.1 1.3 1.4
4G23 7 8.1
4G24 7 7.1 3.2 1.2
5G11 1 5.1
5G11 7 1.1
5G11 4 1.1
5G11 2 1.2
5G12 7 2.1
5G12 1 2.2
5G13 7 1.1
5G13 1 2.2
5G14 0 0
6G21 7 4.1
6G22 1 3.1 1.2 3.3
6G22 7 4.1 1.2
6G23 7 3.1
6G23 1 2.1 1.2 1.4
6G23 6 1.2
6G24 7 6.1
6G24 3 1.2
4H11 7 1.1 1.2
4H12 1 7.1 3.2
4H12 2 1.3
4H12 7 1.1
4H13 7 2.1 1.2
4H13 2 1.3
4H14 7 3.1
4H31 7 4.1
4H32 7 3.1
4H32 4 2.1
4H32 1 1.1
4H32 2 1.2
4H33 2 1.3
4H33 7 1.1
4H34 7 2.1
8F41 3 2.1 6.2 1.3
8F41 7 1.1
8F43 7 1.1
8F43 3 2.2
8F44 7 1.1
8F44 1 2.1
8F44 7.1 7.2
8F31 1 5.1
8F31 7 2.1
8F32 3 1.1
8F32 1 1.1
8F33 7 1.1
8F33 3 2.1
8F34 3 1.1
8F11 7 3.1 1.2
8F11 1 6.1 1.2
8F12 1 9.1
8F12 7 11.1
8F12 3 1.2 2.3
8F13 7 5.1 1.2
8F13 1 14.1 1.2
8F14 1 3.1
8F14 7 6.1
8F21 1 5.1
8F21 7 8.1
8F22 7 3.1
8F22 1 8.1
8F22 3 1.1 1.3
8F23 7 1.1
8F24 1 15.1
8E31 7 22.1
8E31 1 2.1
8E32 1 12.1 8.2
8E32 7 32.1
8E33 7 12.1
8E33 1 3.1
8E33 3 1.1
8E34 1 7.1
8E34 7 37.1 1.2
8E34 3 1.1 4.2
8D11 7 1.1
8D11 1 2.1 1.2
8D12 1 9.1 1.2
8D12 6 2.1
8D12 7 1.1
8D13 1 1.2 1.3
8D13 7 2.1
8D14 7 1.1
8D14 1 2.1 4.2
8E11 7 16.1
8E12 7 9.1
8E13 7 23.1
8E14 7 20.1
8D31 1 1.2
8D31 7 3.1 2.2
8D32 7 3.1
8D33 7 4.1 3.2
8D34 7 5.1
7C11 7 1.1
7C12 7 9.1 3.2
7C13 7 7.1 1.2
7C13 2 3.2
7C13 1 1.1 2.2
7C14 7 6.1
7C14 1 1.1 2.2
8C21 1 2.1
8C21 7 1.1
8C22 7 2.1
8C22 5 1.2
8C23 7 1.1
8C24 7 2.1 4.2
8C24 1 2.1
8C41 7 7.1
8C41 3 1.1
8C42 7 4.1
8C42 1 1.2 2.3
8C42 6 1.2
8C43 7 4.1 2.2
8C43 6 1.2
8C43 1 1.1
8C44 6 1.2
8C44 7 2.1
8C44 5 1.2
8D21 7 82.1
8D21 1 2.1 1.2
8D21 3 1.1 3.2
8D22 3 3.1 3.2
8D23 7 82.1
8D23 1 7.1 3.2
8D24 6 2.1 4.2
8D24 1 138.1 6.2
8D41 1 9.1 4.2
8D41 7 18.1
8D41 3 1.2
8D41 5 1.1
8D42 7 31.1
8D42 1 6.1 5.2
8D42 5 2.1
8D43 7 47.1
8D43 1 8.1
8D44 7 49.1
8D44 1 4.1
4I41 1 6.1 2.2
4I41 7 6.1 1.2
4I41 7.1 2.2
4I42 3 7.2 1.3
4I42 2 2.2
4I42 1 2.2
4I43 1 2.1 5.2
4I43 25 4.2 2.3
4I43 3 1.1 1.3
4I44 7 7.1
4I44 1 1.1 3.2
4I44 25 3.1 1.1
4I44 3 3.2
4I21 1 2.1 3.2 1.3
4I21 2 1.1
4I21 7 6.2
4I21 3 2.1
4I21 4 1.3
4I22 7 2.1
4I22 1 1.1 2.2
4I23 7 1.1 2.1
4I24 4 1.3
4I24 7.1 2.2
4I24 3 3.1 13.2
4J11 7 9.1 4.2
4J11 7.1 12.1 9.2
4J11 1 1.1
4J12 1 21.1 2.2
4J12 7 9.1
4J13 1 2.1
4J13 4 1.2
4J13 7 2.1
4J14 3 3.2
4J14 7 5.1
4J14 1 3.1
4J21 7 14.1 2.2
4J21 1 3.1
4J22 7 22.1 2.2
4J22 1 7.1
4J23 7 5.1
4J24 7 5.1
4J31 1 2.1 1.2
4J31 7 9.1
4J31 2 1.2
4J32 1 2.1
4J32 3 1.1 2.2
4J33 7 2.1
4J33 5 1.1
4J33 1 2.1 1.3
4J34 3 13.2 1.3
4J34 1 1.1
4J34 7 1.1
4I31 1 1.2
4I32 1 4.1 1.2 2.3
4I32 7 1.1
4I33 4 2.3 1.4
4I33 7 1.1
4I34 7 8.1 5.2
4I34 2 1.2 1.3
4I34 4 3.1 3.2 4.3
4I34 1 2.2
3I41 7 2.1
3I41 25 1.2
3I41 1 2.1 1.2
3I42 2 1.2
3I42 1 3.1
3I42 25 1.2
3I42 7 1.1
3I42 3 1.1 0.2
3I43 7 5.1
3I43 3 1.1
3I43 1 1.1
3I44 25 2.1
3I44 7 1.1
3I44 1 1.2
3H31 7 6.1
3H31 1 2.1
3H31 2 2.1
3H31 18 1.1
3H32 7 4.1
3H32 1 1.2
3H33 7 1.1
3H33 4 1.2 1.4
3H33 1 1.2
3H34 7 8.1
3H34 2 1.2
3H11 7 13.1
3H12 7 4.1
3H13 7 12.1
3H14 7 16.1
3H14 2 1.1 2.1
3H21 7 23.1
3H22 1 6.1
3H22 4 1.1 1.3
3H22 7 2.1
3H23 4 1.1 2.2
3H23 7 3.1
3H24 5 1.1 1.2
3H24 7 1.1
3J21 5 1.1
3J21 1 1.1
3J21 7 1.1
3J22 3 1.1 6.2 3.3
3J23 3 1.1
3J23 7 7.1
3J23 1 1.1
3J23 4 1.1 1.3
3J23 3 1.2 2.3
3J24 7 2.1
3J24 1 3.1 1.2
3J24 25 1.1
3J31 7.1 2.2 4.3
3J31 7 3.1
3J31 2 1.3
3J31 1 1.1
3J32 1 3.1 3.2
3J32 25 1.1
3J32 7 5.1
3J33 1 19.1
3J33 7 15.1
3J33 3 2.1
3J33 25 1.2
3J34 1 2.1
3J34 7 6.1
3J34 3 1.1 13.2 1.3
3G21 7 1.1
3G21 1 1.2 2.4
3G22 1 5.1 2.1
3G22 7 2.1 1.1
3G23 1 9.1 14.2
3G23 7 7.1
3G23 3 2.1 1.4
3G23 4 1.1 1.2
3G23 26 2.2
3G24 2 1.3
3G24 1 1.2
3G24 7 4.1
8C12 7 3.1 1.2
8C12 1 2.2
8C12 5 1.1
8C13 7 5.1
8C13 6 1.1
8C13 1 1.1 1.2
8C13 3 1.3
8C14 7 5.1 1.2
8C14 1 2.1
8C14 5 2.2
7C41 7 5.1 1.2
7C41 1 3.1 6.2 1.3
7C41 3 1.2
7C42 7 9.1
7C42 3 2.2
7C42 1 1.2
7C43 7 5.1 1.2
7C44 1 4.1
7C44 7 1.1
8C31 1 1.1 1.2
8C31 7 4.1 2.1
8C32 7.1 1.1 1.2
8C32 7 18.1 3.2
8C32 1 1.1
8C32 5 1.1
8C33 7 13.1 5.2 1.2
8C33 6 1.1
8C34 7 7.1
7C31 3 1.3
7C34 7 3.1
7C21 5 2.2
7C21 7 3.1 1.2
7C22 7 1.1
7C22 5 1.1
7C23 7 8.1
7C23 1 1.1
7C24 7 4.1 1.2
7C24 1 3.1 2.2
7D41 7 4.1
7D41 1 2.1 1.2
7D42 7 11.1
7D42 1 2.1 2.3
7D43 7 6.1
7D43 1 1.3
7D44 1 1.3
7D44 7 3.1
7D12 7 2.1
7D14 1 2.2
7E31 2 2.1 1.2
7E31 7 21.1
7E31 1 10.1
7E31 25 1.1
7E32 2 1.1
7E32 25 1.2
7E32 1 22.1 1.2
7E32 7 14.1
7E32 7.1 1.2
7E33 2 1.1 1.2
7E33 1 9.1 1.2
7E33 7 8.1
7E34 7 22.1
7E34 1 18.1
7E34 25 2.1 1.2
7E11 5 1.4
7E11 1 4.1 1.3
7E11 7 18.1
7E12 7 8.1
7E13 1 9.1
7E13 7 3.1
7E13 3 18.2
7E14 1 11.1 1.2
7E14 7 5.1
7E14 3 1.2
7F41 2 1.2
7F41 7 8.1
7F41 1 3.1
7F41 3 1.1
7F42 7 3.1
7F43 7 2.1
7F43 3 1.1
7F43 8 1.1
7F44 7 3.1
7F21 7 5.1
7F21 3 1.1 3.2
7F21 4 1.2
7F21 2 1.2
7F22 7 13.1
7F22 1 1.1
7F23 7 7.1
7F23 1 1.1
7F24 7 7.1
7F24 4 1.1
7F24 3 2.3
5H31 1 1.3
5H31 5 1.2
5H32 1 1.1
5H32 7 3.1
5H33 7 2.1 1.2
5H33 1 1.3
5H34 4 1.3
5H34 7 1.1
4H21 7 5.1
4H21 1 4.1 1.3
4H22 7 5.1 1.2
4H22 1 1.3
4H23 7 7.1
4H23 1 4.1 1.2 1.3
4H23 3 1.1
4H24 7 2.1
4H24 1 2.1 1.3
6H41 1 14.1 7.2 1.3
6H41 7 1.1
6H42 3 1.2
6H42 7 7.1
6H42 1 5.1
6H43 7 7.1
6H43 3 1.1 1.3
6H43 1 2.1
6H44 7 5.1
6H21 7 10.1
6H21 1 3.1
6H22 1 8.1 4.2 4.3
6H22 7 8.1
6H22 3 1.1 1.2
6H23 1 1.2 1.3 1.4
6H23 7 4.1
6H24 3 3.1 7.2
6H24 7 6.1
6H24 1 3.2
6I21 1 1.1 3.1
6I21 7 4.1
6I22 7 8.1
6I22 1 1.1
6I22 3 3.2
6I22 25 1.1
6I23 7 4.1
6I23 1 3.1
6I23 25 2.1
6I23 3 1.2
6I24 7 2.1 1.2
6I24 1 1.2
5J11 25 1.1 1.2
5J11 1 1.3
5J11 7 3.1 1.1
5J12 7 1.1 1.2 1.3
5J12 1 1.1 1.2
5J12 25 2.1 2.2
5J12 25.1 13.2
5J13 1 2.2
5J13 4 2.2
5J13 7 6.1
5J13 3 1.1 1.3
5J14 1 1.1 2.2 1.3
5J14 7 9.1
5J14 2 1.1
5J21 7 1.1
5J23 1 1.1
5J41 1 1.1
5J42 1 8.1
5J42 25 2.1 3.3
5J42 7 2.1
5J43 1 4.1
5J43 25 1.1 1.2
5J43 7 4.1
5J43 25.1 3.2
5J43 4 1.2
5J44 7 5.1
5I41 7 8.1
5I42 1 1.1 1.2
5I42 7 2.1
5I43 7 9.1 2.2
5I44 7 2.1
5I44 3 2.2 1.3
5I44 4 1.2
6I31 7 12.1
6I32 7 7.1
6I32 1 2.1
6I33 7 1.1
6I34 7 3.1
4I11 1 2.1 7.2 1.3
4I11 4 3.1 2.2
4I11 2 3.1 1.2
4I12 7 7.1
4I12 1 1.1 10.2
4I12 5 1.1 2.2
4I12 4 1.3
4I12 25 1.2
4I13 25 1.1 1.2
4I13 7 4.1
4I14 7 10.1
4I14 4 1.1 1.2 1.3
5I11 7 3.1
5I12 7 13.1
5I13 7 4.1
5I14 4 2.2 1.3
5I14 7 2.1
